60
80
15, 15, 15, 15, 15, 15, 15, 15, 15, 15, 7, 7, 7, 7, 7, 7, 7, 7, 7, 7, 17, 17, 17, 17, 17, 17, 17, 17, 17, 17, 3, 3, 3, 3, 3, 3, 3, 3, 3, 3, 19, 19, 19, 19, 19, 19, 19, 19, 19, 19, 5, 5, 5, 5, 5, 5, 5, 5, 5, 5, 11, 11, 11, 11, 11, 11, 11, 11, 11, 11, 16, 16, 16, 16, 16, 16, 16, 16, 16, 16
15, 15, 15, 15, 15, 15, 15, 15, 15, 15, 7, 7, 7, 7, 7, 7, 7, 7, 7, 7, 17, 17, 17, 17, 17, 17, 17, 17, 17, 17, 3, 3, 3, 3, 3, 3, 3, 3, 3, 3, 19, 19, 19, 19, 19, 19, 19, 19, 19, 19, 5, 5, 5, 5, 5, 5, 5, 5, 5, 5, 11, 11, 11, 11, 11, 11, 11, 11, 11, 11, 16, 16, 16, 16, 16, 16, 16, 16, 16, 16
15, 15, 15, 15, 15, 15, 15, 15, 15, 15, 7, 7, 7, 7, 7, 7, 7, 7, 7, 7, 17, 17, 17, 17, 17, 17, 17, 17, 17, 17, 3, 3, 3, 3, 3, 3, 3, 3, 3, 3, 19, 19, 19, 19, 19, 19, 19, 19, 19, 19, 5, 5, 5, 5, 5, 5, 5, 5, 5, 5, 11, 11, 11, 11, 11, 11, 11, 11, 11, 11, 16, 16, 16, 16, 16, 16, 16, 16, 16, 16
15, 15, 15, 15, 15, 15, 15, 15, 15, 15, 7, 7, 7, 7, 7, 7, 7, 7, 7, 7, 17, 17, 17, 17, 17, 17, 17, 17, 17, 17, 3, 3, 3, 3, 3, 3, 3, 3, 3, 3, 19, 19, 19, 19, 19, 19, 19, 19, 19, 19, 5, 5, 5, 5, 5, 5, 5, 5, 5, 5, 11, 11, 11, 11, 11, 11, 11, 11, 11, 11, 16, 16, 16, 16, 16, 16, 16, 16, 16, 16
15, 15, 15, 15, 15, 15, 15, 15, 15, 15, 7, 7, 7, 7, 7, 7, 7, 7, 7, 7, 17, 17, 17, 17, 17, 17, 17, 17, 17, 17, 3, 3, 3, 3, 3, 3, 3, 3, 3, 3, 19, 19, 19, 19, 19, 19, 19, 19, 19, 19, 5, 5, 5, 5, 5, 5, 5, 5, 5, 5, 11, 11, 11, 11, 11, 11, 11, 11, 11, 11, 16, 16, 16, 16, 16, 16, 16, 16, 16, 16
15, 15, 15, 15, 15, 15, 15, 15, 15, 15, 7, 7, 7, 7, 7, 7, 7, 7, 7, 7, 17, 17, 17, 17, 17, 17, 17, 17, 17, 17, 3, 3, 3, 3, 3, 3, 3, 3, 3, 3, 19, 19, 19, 19, 19, 19, 19, 19, 19, 19, 5, 5, 5, 5, 5, 5, 5, 5, 5, 5, 11, 11, 11, 11, 11, 11, 11, 11, 11, 11, 16, 16, 16, 16, 16, 16, 16, 16, 16, 16
15, 15, 15, 15, 15, 15, 15, 15, 15, 15, 7, 7, 7, 7, 7, 7, 7, 7, 7, 7, 17, 17, 17, 17, 17, 17, 17, 17, 17, 17, 3, 3, 3, 3, 3, 3, 3, 3, 3, 3, 19, 19, 19, 19, 19, 19, 19, 19, 19, 19, 5, 5, 5, 5, 5, 5, 5, 5, 5, 5, 11, 11, 11, 11, 11, 11, 11, 11, 11, 11, 16, 16, 16, 16, 16, 16, 16, 16, 16, 16
15, 15, 15, 15, 15, 15, 15, 15, 15, 15, 7, 7, 7, 7, 7, 7, 7, 7, 7, 7, 17, 17, 17, 17, 17, 17, 17, 17, 17, 17, 3, 3, 3, 3, 3, 3, 3, 3, 3, 3, 19, 19, 19, 19, 19, 19, 19, 19, 19, 19, 5, 5, 5, 5, 5, 5, 5, 5, 5, 5, 11, 11, 11, 11, 11, 11, 11, 11, 11, 11, 16, 16, 16, 16, 16, 16, 16, 16, 16, 16
15, 15, 15, 15, 15, 15, 15, 15, 15, 15, 7, 7, 7, 7, 7, 7, 7, 7, 7, 7, 17, 17, 17, 17, 17, 17, 17, 17, 17, 17, 3, 3, 3, 3, 3, 3, 3, 3, 3, 3, 19, 19, 19, 19, 19, 19, 19, 19, 19, 19, 5, 5, 5, 5, 5, 5, 5, 5, 5, 5, 11, 11, 11, 11, 11, 11, 11, 11, 11, 11, 16, 16, 16, 16, 16, 16, 16, 16, 16, 16
15, 15, 15, 15, 15, 15, 15, 15, 15, 15, 7, 7, 7, 7, 7, 7, 7, 7, 7, 7, 17, 17, 17, 17, 17, 17, 17, 17, 17, 17, 3, 3, 3, 3, 3, 3, 3, 3, 3, 3, 19, 19, 19, 19, 19, 19, 19, 19, 19, 19, 5, 5, 5, 5, 5, 5, 5, 5, 5, 5, 11, 11, 11, 11, 11, 11, 11, 11, 11, 11, 16, 16, 16, 16, 16, 16, 16, 16, 16, 16
13, 13, 13, 13, 13, 13, 13, 13, 13, 13, 10, 10, 10, 10, 10, 10, 10, 10, 10, 10, 15, 15, 15, 15, 15, 15, 15, 15, 15, 15, 11, 11, 11, 11, 11, 11, 11, 11, 11, 11, 14, 14, 14, 14, 14, 14, 14, 14, 14, 14, 16, 16, 16, 16, 16, 16, 16, 16, 16, 16, 5, 5, 5, 5, 5, 5, 5, 5, 5, 5, 16, 16, 16, 16, 16, 16, 16, 16, 16, 16
13, 13, 13, 13, 13, 13, 13, 13, 13, 13, 10, 10, 10, 10, 10, 10, 10, 10, 10, 10, 15, 15, 15, 15, 15, 15, 15, 15, 15, 15, 11, 11, 11, 11, 11, 11, 11, 11, 11, 11, 14, 14, 14, 14, 14, 14, 14, 14, 14, 14, 16, 16, 16, 16, 16, 16, 16, 16, 16, 16, 5, 5, 5, 5, 5, 5, 5, 5, 5, 5, 16, 16, 16, 16, 16, 16, 16, 16, 16, 16
13, 13, 13, 13, 13, 13, 13, 13, 13, 13, 10, 10, 10, 10, 10, 10, 10, 10, 10, 10, 15, 15, 15, 15, 15, 15, 15, 15, 15, 15, 11, 11, 11, 11, 11, 11, 11, 11, 11, 11, 14, 14, 14, 14, 14, 14, 14, 14, 14, 14, 16, 16, 16, 16, 16, 16, 16, 16, 16, 16, 5, 5, 5, 5, 5, 5, 5, 5, 5, 5, 16, 16, 16, 16, 16, 16, 16, 16, 16, 16
13, 13, 13, 13, 13, 13, 13, 13, 13, 13, 10, 10, 10, 10, 10, 10, 10, 10, 10, 10, 15, 15, 15, 15, 15, 15, 15, 15, 15, 15, 11, 11, 11, 11, 11, 11, 11, 11, 11, 11, 14, 14, 14, 14, 14, 14, 14, 14, 14, 14, 16, 16, 16, 16, 16, 16, 16, 16, 16, 16, 5, 5, 5, 5, 5, 5, 5, 5, 5, 5, 16, 16, 16, 16, 16, 16, 16, 16, 16, 16
13, 13, 13, 13, 13, 13, 13, 13, 13, 13, 10, 10, 10, 10, 10, 10, 10, 10, 10, 10, 15, 15, 15, 15, 15, 15, 15, 15, 15, 15, 11, 11, 11, 11, 11, 11, 11, 11, 11, 11, 14, 14, 14, 14, 14, 14, 14, 14, 14, 14, 16, 16, 16, 16, 16, 16, 16, 16, 16, 16, 5, 5, 5, 5, 5, 5, 5, 5, 5, 5, 16, 16, 16, 16, 16, 16, 16, 16, 16, 16
13, 13, 13, 13, 13, 13, 13, 13, 13, 13, 10, 10, 10, 10, 10, 10, 10, 10, 10, 10, 15, 15, 15, 15, 15, 15, 15, 15, 15, 15, 11, 11, 11, 11, 11, 11, 11, 11, 11, 11, 14, 14, 14, 14, 14, 14, 14, 14, 14, 14, 16, 16, 16, 16, 16, 16, 16, 16, 16, 16, 5, 5, 5, 5, 5, 5, 5, 5, 5, 5, 16, 16, 16, 16, 16, 16, 16, 16, 16, 16
13, 13, 13, 13, 13, 13, 13, 13, 13, 13, 10, 10, 10, 10, 10, 10, 10, 10, 10, 10, 15, 15, 15, 15, 15, 15, 15, 15, 15, 15, 11, 11, 11, 11, 11, 11, 11, 11, 11, 11, 14, 14, 14, 14, 14, 14, 14, 14, 14, 14, 16, 16, 16, 16, 16, 16, 16, 16, 16, 16, 5, 5, 5, 5, 5, 5, 5, 5, 5, 5, 16, 16, 16, 16, 16, 16, 16, 16, 16, 16
13, 13, 13, 13, 13, 13, 13, 13, 13, 13, 10, 10, 10, 10, 10, 10, 10, 10, 10, 10, 15, 15, 15, 15, 15, 15, 15, 15, 15, 15, 11, 11, 11, 11, 11, 11, 11, 11, 11, 11, 14, 14, 14, 14, 14, 14, 14, 14, 14, 14, 16, 16, 16, 16, 16, 16, 16, 16, 16, 16, 5, 5, 5, 5, 5, 5, 5, 5, 5, 5, 16, 16, 16, 16, 16, 16, 16, 16, 16, 16
13, 13, 13, 13, 13, 13, 13, 13, 13, 13, 10, 10, 10, 10, 10, 10, 10, 10, 10, 10, 15, 15, 15, 15, 15, 15, 15, 15, 15, 15, 11, 11, 11, 11, 11, 11, 11, 11, 11, 11, 14, 14, 14, 14, 14, 14, 14, 14, 14, 14, 16, 16, 16, 16, 16, 16, 16, 16, 16, 16, 5, 5, 5, 5, 5, 5, 5, 5, 5, 5, 16, 16, 16, 16, 16, 16, 16, 16, 16, 16
13, 13, 13, 13, 13, 13, 13, 13, 13, 13, 10, 10, 10, 10, 10, 10, 10, 10, 10, 10, 15, 15, 15, 15, 15, 15, 15, 15, 15, 15, 11, 11, 11, 11, 11, 11, 11, 11, 11, 11, 14, 14, 14, 14, 14, 14, 14, 14, 14, 14, 16, 16, 16, 16, 16, 16, 16, 16, 16, 16, 5, 5, 5, 5, 5, 5, 5, 5, 5, 5, 16, 16, 16, 16, 16, 16, 16, 16, 16, 16
6, 6, 6, 6, 6, 6, 6, 6, 6, 6, 10, 10, 10, 10, 10, 10, 10, 10, 10, 10, 19, 19, 19, 19, 19, 19, 19, 19, 19, 19, 4, 4, 4, 4, 4, 4, 4, 4, 4, 4, 12, 12, 12, 12, 12, 12, 12, 12, 12, 12, 9, 9, 9, 9, 9, 9, 9, 9, 9, 9, 10, 10, 10, 10, 10, 10, 10, 10, 10, 10, 11, 11, 11, 11, 11, 11, 11, 11, 11, 11
6, 6, 6, 6, 6, 6, 6, 6, 6, 6, 10, 10, 10, 10, 10, 10, 10, 10, 10, 10, 19, 19, 19, 19, 19, 19, 19, 19, 19, 19, 4, 4, 4, 4, 4, 4, 4, 4, 4, 4, 12, 12, 12, 12, 12, 12, 12, 12, 12, 12, 9, 9, 9, 9, 9, 9, 9, 9, 9, 9, 10, 10, 10, 10, 10, 10, 10, 10, 10, 10, 11, 11, 11, 11, 11, 11, 11, 11, 11, 11
6, 6, 6, 6, 6, 6, 6, 6, 6, 6, 10, 10, 10, 10, 10, 10, 10, 10, 10, 10, 19, 19, 19, 19, 19, 19, 19, 19, 19, 19, 4, 4, 4, 4, 4, 4, 4, 4, 4, 4, 12, 12, 12, 12, 12, 12, 12, 12, 12, 12, 9, 9, 9, 9, 9, 9, 9, 9, 9, 9, 10, 10, 10, 10, 10, 10, 10, 10, 10, 10, 11, 11, 11, 11, 11, 11, 11, 11, 11, 11
6, 6, 6, 6, 6, 6, 6, 6, 6, 6, 10, 10, 10, 10, 10, 10, 10, 10, 10, 10, 19, 19, 19, 19, 19, 19, 19, 19, 19, 19, 4, 4, 4, 4, 4, 4, 4, 4, 4, 4, 12, 12, 12, 12, 12, 12, 12, 12, 12, 12, 9, 9, 9, 9, 9, 9, 9, 9, 9, 9, 10, 10, 10, 10, 10, 10, 10, 10, 10, 10, 11, 11, 11, 11, 11, 11, 11, 11, 11, 11
6, 6, 6, 6, 6, 6, 6, 6, 6, 6, 10, 10, 10, 10, 10, 10, 10, 10, 10, 10, 19, 19, 19, 19, 19, 19, 19, 19, 19, 19, 4, 4, 4, 4, 4, 4, 4, 4, 4, 4, 12, 12, 12, 12, 12, 12, 12, 12, 12, 12, 9, 9, 9, 9, 9, 9, 9, 9, 9, 9, 10, 10, 10, 10, 10, 10, 10, 10, 10, 10, 11, 11, 11, 11, 11, 11, 11, 11, 11, 11
6, 6, 6, 6, 6, 6, 6, 6, 6, 6, 10, 10, 10, 10, 10, 10, 10, 10, 10, 10, 19, 19, 19, 19, 19, 19, 19, 19, 19, 19, 4, 4, 4, 4, 4, 4, 4, 4, 4, 4, 12, 12, 12, 12, 12, 12, 12, 12, 12, 12, 9, 9, 9, 9, 9, 9, 9, 9, 9, 9, 10, 10, 10, 10, 10, 10, 10, 10, 10, 10, 11, 11, 11, 11, 11, 11, 11, 11, 11, 11
6, 6, 6, 6, 6, 6, 6, 6, 6, 6, 10, 10, 10, 10, 10, 10, 10, 10, 10, 10, 19, 19, 19, 19, 19, 19, 19, 19, 19, 19, 4, 4, 4, 4, 4, 4, 4, 4, 4, 4, 12, 12, 12, 12, 12, 12, 12, 12, 12, 12, 9, 9, 9, 9, 9, 9, 9, 9, 9, 9, 10, 10, 10, 10, 10, 10, 10, 10, 10, 10, 11, 11, 11, 11, 11, 11, 11, 11, 11, 11
6, 6, 6, 6, 6, 6, 6, 6, 6, 6, 10, 10, 10, 10, 10, 10, 10, 10, 10, 10, 19, 19, 19, 19, 19, 19, 19, 19, 19, 19, 4, 4, 4, 4, 4, 4, 4, 4, 4, 4, 12, 12, 12, 12, 12, 12, 12, 12, 12, 12, 9, 9, 9, 9, 9, 9, 9, 9, 9, 9, 10, 10, 10, 10, 10, 10, 10, 10, 10, 10, 11, 11, 11, 11, 11, 11, 11, 11, 11, 11
6, 6, 6, 6, 6, 6, 6, 6, 6, 6, 10, 10, 10, 10, 10, 10, 10, 10, 10, 10, 19, 19, 19, 19, 19, 19, 19, 19, 19, 19, 4, 4, 4, 4, 4, 4, 4, 4, 4, 4, 12, 12, 12, 12, 12, 12, 12, 12, 12, 12, 9, 9, 9, 9, 9, 9, 9, 9, 9, 9, 10, 10, 10, 10, 10, 10, 10, 10, 10, 10, 11, 11, 11, 11, 11, 11, 11, 11, 11, 11
6, 6, 6, 6, 6, 6, 6, 6, 6, 6, 10, 10, 10, 10, 10, 10, 10, 10, 10, 10, 19, 19, 19, 19, 19, 19, 19, 19, 19, 19, 4, 4, 4, 4, 4, 4, 4, 4, 4, 4, 12, 12, 12, 12, 12, 12, 12, 12, 12, 12, 9, 9, 9, 9, 9, 9, 9, 9, 9, 9, 10, 10, 10, 10, 10, 10, 10, 10, 10, 10, 11, 11, 11, 11, 11, 11, 11, 11, 11, 11
12, 12, 12, 12, 12, 12, 12, 12, 12, 12, 20, 20, 20, 20, 20, 20, 20, 20, 20, 20, 15, 15, 15, 15, 15, 15, 15, 15, 15, 15, 2, 2, 2, 2, 2, 2, 2, 2, 2, 2, 17, 17, 17, 17, 17, 17, 17, 17, 17, 17, 2, 2, 2, 2, 2, 2, 2, 2, 2, 2, 5, 5, 5, 5, 5, 5, 5, 5, 5, 5, 1, 1, 1, 1, 1, 1, 1, 1, 1, 1
12, 12, 12, 12, 12, 12, 12, 12, 12, 12, 20, 20, 20, 20, 20, 20, 20, 20, 20, 20, 15, 15, 15, 15, 15, 15, 15, 15, 15, 15, 2, 2, 2, 2, 2, 2, 2, 2, 2, 2, 17, 17, 17, 17, 17, 17, 17, 17, 17, 17, 2, 2, 2, 2, 2, 2, 2, 2, 2, 2, 5, 5, 5, 5, 5, 5, 5, 5, 5, 5, 1, 1, 1, 1, 1, 1, 1, 1, 1, 1
12, 12, 12, 12, 12, 12, 12, 12, 12, 12, 20, 20, 20, 20, 20, 20, 20, 20, 20, 20, 15, 15, 15, 15, 15, 15, 15, 15, 15, 15, 2, 2, 2, 2, 2, 2, 2, 2, 2, 2, 17, 17, 17, 17, 17, 17, 17, 17, 17, 17, 2, 2, 2, 2, 2, 2, 2, 2, 2, 2, 5, 5, 5, 5, 5, 5, 5, 5, 5, 5, 1, 1, 1, 1, 1, 1, 1, 1, 1, 1
12, 12, 12, 12, 12, 12, 12, 12, 12, 12, 20, 20, 20, 20, 20, 20, 20, 20, 20, 20, 15, 15, 15, 15, 15, 15, 15, 15, 15, 15, 2, 2, 2, 2, 2, 2, 2, 2, 2, 2, 17, 17, 17, 17, 17, 17, 17, 17, 17, 17, 2, 2, 2, 2, 2, 2, 2, 2, 2, 2, 5, 5, 5, 5, 5, 5, 5, 5, 5, 5, 1, 1, 1, 1, 1, 1, 1, 1, 1, 1
12, 12, 12, 12, 12, 12, 12, 12, 12, 12, 20, 20, 20, 20, 20, 20, 20, 20, 20, 20, 15, 15, 15, 15, 15, 15, 15, 15, 15, 15, 2, 2, 2, 2, 2, 2, 2, 2, 2, 2, 17, 17, 17, 17, 17, 17, 17, 17, 17, 17, 2, 2, 2, 2, 2, 2, 2, 2, 2, 2, 5, 5, 5, 5, 5, 5, 5, 5, 5, 5, 1, 1, 1, 1, 1, 1, 1, 1, 1, 1
12, 12, 12, 12, 12, 12, 12, 12, 12, 12, 20, 20, 20, 20, 20, 20, 20, 20, 20, 20, 15, 15, 15, 15, 15, 15, 15, 15, 15, 15, 2, 2, 2, 2, 2, 2, 2, 2, 2, 2, 17, 17, 17, 17, 17, 17, 17, 17, 17, 17, 2, 2, 2, 2, 2, 2, 2, 2, 2, 2, 5, 5, 5, 5, 5, 5, 5, 5, 5, 5, 1, 1, 1, 1, 1, 1, 1, 1, 1, 1
12, 12, 12, 12, 12, 12, 12, 12, 12, 12, 20, 20, 20, 20, 20, 20, 20, 20, 20, 20, 15, 15, 15, 15, 15, 15, 15, 15, 15, 15, 2, 2, 2, 2, 2, 2, 2, 2, 2, 2, 17, 17, 17, 17, 17, 17, 17, 17, 17, 17, 2, 2, 2, 2, 2, 2, 2, 2, 2, 2, 5, 5, 5, 5, 5, 5, 5, 5, 5, 5, 1, 1, 1, 1, 1, 1, 1, 1, 1, 1
12, 12, 12, 12, 12, 12, 12, 12, 12, 12, 20, 20, 20, 20, 20, 20, 20, 20, 20, 20, 15, 15, 15, 15, 15, 15, 15, 15, 15, 15, 2, 2, 2, 2, 2, 2, 2, 2, 2, 2, 17, 17, 17, 17, 17, 17, 17, 17, 17, 17, 2, 2, 2, 2, 2, 2, 2, 2, 2, 2, 5, 5, 5, 5, 5, 5, 5, 5, 5, 5, 1, 1, 1, 1, 1, 1, 1, 1, 1, 1
12, 12, 12, 12, 12, 12, 12, 12, 12, 12, 20, 20, 20, 20, 20, 20, 20, 20, 20, 20, 15, 15, 15, 15, 15, 15, 15, 15, 15, 15, 2, 2, 2, 2, 2, 2, 2, 2, 2, 2, 17, 17, 17, 17, 17, 17, 17, 17, 17, 17, 2, 2, 2, 2, 2, 2, 2, 2, 2, 2, 5, 5, 5, 5, 5, 5, 5, 5, 5, 5, 1, 1, 1, 1, 1, 1, 1, 1, 1, 1
12, 12, 12, 12, 12, 12, 12, 12, 12, 12, 20, 20, 20, 20, 20, 20, 20, 20, 20, 20, 15, 15, 15, 15, 15, 15, 15, 15, 15, 15, 2, 2, 2, 2, 2, 2, 2, 2, 2, 2, 17, 17, 17, 17, 17, 17, 17, 17, 17, 17, 2, 2, 2, 2, 2, 2, 2, 2, 2, 2, 5, 5, 5, 5, 5, 5, 5, 5, 5, 5, 1, 1, 1, 1, 1, 1, 1, 1, 1, 1
2, 2, 2, 2, 2, 2, 2, 2, 2, 2, 20, 20, 20, 20, 20, 20, 20, 20, 20, 20, 18, 18, 18, 18, 18, 18, 18, 18, 18, 18, 3, 3, 3, 3, 3, 3, 3, 3, 3, 3, 3, 3, 3, 3, 3, 3, 3, 3, 3, 3, 3, 3, 3, 3, 3, 3, 3, 3, 3, 3, 10, 10, 10, 10, 10, 10, 10, 10, 10, 10, 10, 10, 10, 10, 10, 10, 10, 10, 10, 10
2, 2, 2, 2, 2, 2, 2, 2, 2, 2, 20, 20, 20, 20, 20, 20, 20, 20, 20, 20, 18, 18, 18, 18, 18, 18, 18, 18, 18, 18, 3, 3, 3, 3, 3, 3, 3, 3, 3, 3, 3, 3, 3, 3, 3, 3, 3, 3, 3, 3, 3, 3, 3, 3, 3, 3, 3, 3, 3, 3, 10, 10, 10, 10, 10, 10, 10, 10, 10, 10, 10, 10, 10, 10, 10, 10, 10, 10, 10, 10
2, 2, 2, 2, 2, 2, 2, 2, 2, 2, 20, 20, 20, 20, 20, 20, 20, 20, 20, 20, 18, 18, 18, 18, 18, 18, 18, 18, 18, 18, 3, 3, 3, 3, 3, 3, 3, 3, 3, 3, 3, 3, 3, 3, 3, 3, 3, 3, 3, 3, 3, 3, 3, 3, 3, 3, 3, 3, 3, 3, 10, 10, 10, 10, 10, 10, 10, 10, 10, 10, 10, 10, 10, 10, 10, 10, 10, 10, 10, 10
2, 2, 2, 2, 2, 2, 2, 2, 2, 2, 20, 20, 20, 20, 20, 20, 20, 20, 20, 20, 18, 18, 18, 18, 18, 18, 18, 18, 18, 18, 3, 3, 3, 3, 3, 3, 3, 3, 3, 3, 3, 3, 3, 3, 3, 3, 3, 3, 3, 3, 3, 3, 3, 3, 3, 3, 3, 3, 3, 3, 10, 10, 10, 10, 10, 10, 10, 10, 10, 10, 10, 10, 10, 10, 10, 10, 10, 10, 10, 10
2, 2, 2, 2, 2, 2, 2, 2, 2, 2, 20, 20, 20, 20, 20, 20, 20, 20, 20, 20, 18, 18, 18, 18, 18, 18, 18, 18, 18, 18, 3, 3, 3, 3, 3, 3, 3, 3, 3, 3, 3, 3, 3, 3, 3, 3, 3, 3, 3, 3, 3, 3, 3, 3, 3, 3, 3, 3, 3, 3, 10, 10, 10, 10, 10, 10, 10, 10, 10, 10, 10, 10, 10, 10, 10, 10, 10, 10, 10, 10
2, 2, 2, 2, 2, 2, 2, 2, 2, 2, 20, 20, 20, 20, 20, 20, 20, 20, 20, 20, 18, 18, 18, 18, 18, 18, 18, 18, 18, 18, 3, 3, 3, 3, 3, 3, 3, 3, 3, 3, 3, 3, 3, 3, 3, 3, 3, 3, 3, 3, 3, 3, 3, 3, 3, 3, 3, 3, 3, 3, 10, 10, 10, 10, 10, 10, 10, 10, 10, 10, 10, 10, 10, 10, 10, 10, 10, 10, 10, 10
2, 2, 2, 2, 2, 2, 2, 2, 2, 2, 20, 20, 20, 20, 20, 20, 20, 20, 20, 20, 18, 18, 18, 18, 18, 18, 18, 18, 18, 18, 3, 3, 3, 3, 3, 3, 3, 3, 3, 3, 3, 3, 3, 3, 3, 3, 3, 3, 3, 3, 3, 3, 3, 3, 3, 3, 3, 3, 3, 3, 10, 10, 10, 10, 10, 10, 10, 10, 10, 10, 10, 10, 10, 10, 10, 10, 10, 10, 10, 10
2, 2, 2, 2, 2, 2, 2, 2, 2, 2, 20, 20, 20, 20, 20, 20, 20, 20, 20, 20, 18, 18, 18, 18, 18, 18, 18, 18, 18, 18, 3, 3, 3, 3, 3, 3, 3, 3, 3, 3, 3, 3, 3, 3, 3, 3, 3, 3, 3, 3, 3, 3, 3, 3, 3, 3, 3, 3, 3, 3, 10, 10, 10, 10, 10, 10, 10, 10, 10, 10, 10, 10, 10, 10, 10, 10, 10, 10, 10, 10
2, 2, 2, 2, 2, 2, 2, 2, 2, 2, 20, 20, 20, 20, 20, 20, 20, 20, 20, 20, 18, 18, 18, 18, 18, 18, 18, 18, 18, 18, 3, 3, 3, 3, 3, 3, 3, 3, 3, 3, 3, 3, 3, 3, 3, 3, 3, 3, 3, 3, 3, 3, 3, 3, 3, 3, 3, 3, 3, 3, 10, 10, 10, 10, 10, 10, 10, 10, 10, 10, 10, 10, 10, 10, 10, 10, 10, 10, 10, 10
2, 2, 2, 2, 2, 2, 2, 2, 2, 2, 20, 20, 20, 20, 20, 20, 20, 20, 20, 20, 18, 18, 18, 18, 18, 18, 18, 18, 18, 18, 3, 3, 3, 3, 3, 3, 3, 3, 3, 3, 3, 3, 3, 3, 3, 3, 3, 3, 3, 3, 3, 3, 3, 3, 3, 3, 3, 3, 3, 3, 10, 10, 10, 10, 10, 10, 10, 10, 10, 10, 10, 10, 10, 10, 10, 10, 10, 10, 10, 10
19, 19, 19, 19, 19, 19, 19, 19, 19, 19, 10, 10, 10, 10, 10, 10, 10, 10, 10, 10, 16, 16, 16, 16, 16, 16, 16, 16, 16, 16, 2, 2, 2, 2, 2, 2, 2, 2, 2, 2, 19, 19, 19, 19, 19, 19, 19, 19, 19, 19, 20, 20, 20, 20, 20, 20, 20, 20, 20, 20, 9, 9, 9, 9, 9, 9, 9, 9, 9, 9, 12, 12, 12, 12, 12, 12, 12, 12, 12, 12
19, 19, 19, 19, 19, 19, 19, 19, 19, 19, 10, 10, 10, 10, 10, 10, 10, 10, 10, 10, 16, 16, 16, 16, 16, 16, 16, 16, 16, 16, 2, 2, 2, 2, 2, 2, 2, 2, 2, 2, 19, 19, 19, 19, 19, 19, 19, 19, 19, 19, 20, 20, 20, 20, 20, 20, 20, 20, 20, 20, 9, 9, 9, 9, 9, 9, 9, 9, 9, 9, 12, 12, 12, 12, 12, 12, 12, 12, 12, 12
19, 19, 19, 19, 19, 19, 19, 19, 19, 19, 10, 10, 10, 10, 10, 10, 10, 10, 10, 10, 16, 16, 16, 16, 16, 16, 16, 16, 16, 16, 2, 2, 2, 2, 2, 2, 2, 2, 2, 2, 19, 19, 19, 19, 19, 19, 19, 19, 19, 19, 20, 20, 20, 20, 20, 20, 20, 20, 20, 20, 9, 9, 9, 9, 9, 9, 9, 9, 9, 9, 12, 12, 12, 12, 12, 12, 12, 12, 12, 12
19, 19, 19, 19, 19, 19, 19, 19, 19, 19, 10, 10, 10, 10, 10, 10, 10, 10, 10, 10, 16, 16, 16, 16, 16, 16, 16, 16, 16, 16, 2, 2, 2, 2, 2, 2, 2, 2, 2, 2, 19, 19, 19, 19, 19, 19, 19, 19, 19, 19, 20, 20, 20, 20, 20, 20, 20, 20, 20, 20, 9, 9, 9, 9, 9, 9, 9, 9, 9, 9, 12, 12, 12, 12, 12, 12, 12, 12, 12, 12
19, 19, 19, 19, 19, 19, 19, 19, 19, 19, 10, 10, 10, 10, 10, 10, 10, 10, 10, 10, 16, 16, 16, 16, 16, 16, 16, 16, 16, 16, 2, 2, 2, 2, 2, 2, 2, 2, 2, 2, 19, 19, 19, 19, 19, 19, 19, 19, 19, 19, 20, 20, 20, 20, 20, 20, 20, 20, 20, 20, 9, 9, 9, 9, 9, 9, 9, 9, 9, 9, 12, 12, 12, 12, 12, 12, 12, 12, 12, 12
19, 19, 19, 19, 19, 19, 19, 19, 19, 19, 10, 10, 10, 10, 10, 10, 10, 10, 10, 10, 16, 16, 16, 16, 16, 16, 16, 16, 16, 16, 2, 2, 2, 2, 2, 2, 2, 2, 2, 2, 19, 19, 19, 19, 19, 19, 19, 19, 19, 19, 20, 20, 20, 20, 20, 20, 20, 20, 20, 20, 9, 9, 9, 9, 9, 9, 9, 9, 9, 9, 12, 12, 12, 12, 12, 12, 12, 12, 12, 12
19, 19, 19, 19, 19, 19, 19, 19, 19, 19, 10, 10, 10, 10, 10, 10, 10, 10, 10, 10, 16, 16, 16, 16, 16, 16, 16, 16, 16, 16, 2, 2, 2, 2, 2, 2, 2, 2, 2, 2, 19, 19, 19, 19, 19, 19, 19, 19, 19, 19, 20, 20, 20, 20, 20, 20, 20, 20, 20, 20, 9, 9, 9, 9, 9, 9, 9, 9, 9, 9, 12, 12, 12, 12, 12, 12, 12, 12, 12, 12
19, 19, 19, 19, 19, 19, 19, 19, 19, 19, 10, 10, 10, 10, 10, 10, 10, 10, 10, 10, 16, 16, 16, 16, 16, 16, 16, 16, 16, 16, 2, 2, 2, 2, 2, 2, 2, 2, 2, 2, 19, 19, 19, 19, 19, 19, 19, 19, 19, 19, 20, 20, 20, 20, 20, 20, 20, 20, 20, 20, 9, 9, 9, 9, 9, 9, 9, 9, 9, 9, 12, 12, 12, 12, 12, 12, 12, 12, 12, 12
19, 19, 19, 19, 19, 19, 19, 19, 19, 19, 10, 10, 10, 10, 10, 10, 10, 10, 10, 10, 16, 16, 16, 16, 16, 16, 16, 16, 16, 16, 2, 2, 2, 2, 2, 2, 2, 2, 2, 2, 19, 19, 19, 19, 19, 19, 19, 19, 19, 19, 20, 20, 20, 20, 20, 20, 20, 20, 20, 20, 9, 9, 9, 9, 9, 9, 9, 9, 9, 9, 12, 12, 12, 12, 12, 12, 12, 12, 12, 12
19, 19, 19, 19, 19, 19, 19, 19, 19, 19, 10, 10, 10, 10, 10, 10, 10, 10, 10, 10, 16, 16, 16, 16, 16, 16, 16, 16, 16, 16, 2, 2, 2, 2, 2, 2, 2, 2, 2, 2, 19, 19, 19, 19, 19, 19, 19, 19, 19, 19, 20, 20, 20, 20, 20, 20, 20, 20, 20, 20, 9, 9, 9, 9, 9, 9, 9, 9, 9, 9, 12, 12, 12, 12, 12, 12, 12, 12, 12, 12
12
20, 40, 6600
10, 40, 2000
20, 20, 3600
10, 30, 2800
20, 20, 3800
20, 10, 1700
20, 30, 5600
10, 30, 1600
30, 20, 3800
10, 30, 2100
20, 30, 4700
10, 30, 2900
