60
80
6, 6, 6, 6, 6, 6, 6, 6, 6, 6, 1, 1, 1, 1, 1, 1, 1, 1, 1, 1, 2, 2, 2, 2, 2, 2, 2, 2, 2, 2, 7, 7, 7, 7, 7, 7, 7, 7, 7, 7, 19, 19, 19, 19, 19, 19, 19, 19, 19, 19, 13, 13, 13, 13, 13, 13, 13, 13, 13, 13, 9, 9, 9, 9, 9, 9, 9, 9, 9, 9, 17, 17, 17, 17, 17, 17, 17, 17, 17, 17
6, 6, 6, 6, 6, 6, 6, 6, 6, 6, 1, 1, 1, 1, 1, 1, 1, 1, 1, 1, 2, 2, 2, 2, 2, 2, 2, 2, 2, 2, 7, 7, 7, 7, 7, 7, 7, 7, 7, 7, 19, 19, 19, 19, 19, 19, 19, 19, 19, 19, 13, 13, 13, 13, 13, 13, 13, 13, 13, 13, 9, 9, 9, 9, 9, 9, 9, 9, 9, 9, 17, 17, 17, 17, 17, 17, 17, 17, 17, 17
6, 6, 6, 6, 6, 6, 6, 6, 6, 6, 1, 1, 1, 1, 1, 1, 1, 1, 1, 1, 2, 2, 2, 2, 2, 2, 2, 2, 2, 2, 7, 7, 7, 7, 7, 7, 7, 7, 7, 7, 19, 19, 19, 19, 19, 19, 19, 19, 19, 19, 13, 13, 13, 13, 13, 13, 13, 13, 13, 13, 9, 9, 9, 9, 9, 9, 9, 9, 9, 9, 17, 17, 17, 17, 17, 17, 17, 17, 17, 17
6, 6, 6, 6, 6, 6, 6, 6, 6, 6, 1, 1, 1, 1, 1, 1, 1, 1, 1, 1, 2, 2, 2, 2, 2, 2, 2, 2, 2, 2, 7, 7, 7, 7, 7, 7, 7, 7, 7, 7, 19, 19, 19, 19, 19, 19, 19, 19, 19, 19, 13, 13, 13, 13, 13, 13, 13, 13, 13, 13, 9, 9, 9, 9, 9, 9, 9, 9, 9, 9, 17, 17, 17, 17, 17, 17, 17, 17, 17, 17
6, 6, 6, 6, 6, 6, 6, 6, 6, 6, 1, 1, 1, 1, 1, 1, 1, 1, 1, 1, 2, 2, 2, 2, 2, 2, 2, 2, 2, 2, 7, 7, 7, 7, 7, 7, 7, 7, 7, 7, 19, 19, 19, 19, 19, 19, 19, 19, 19, 19, 13, 13, 13, 13, 13, 13, 13, 13, 13, 13, 9, 9, 9, 9, 9, 9, 9, 9, 9, 9, 17, 17, 17, 17, 17, 17, 17, 17, 17, 17
6, 6, 6, 6, 6, 6, 6, 6, 6, 6, 1, 1, 1, 1, 1, 1, 1, 1, 1, 1, 2, 2, 2, 2, 2, 2, 2, 2, 2, 2, 7, 7, 7, 7, 7, 7, 7, 7, 7, 7, 19, 19, 19, 19, 19, 19, 19, 19, 19, 19, 13, 13, 13, 13, 13, 13, 13, 13, 13, 13, 9, 9, 9, 9, 9, 9, 9, 9, 9, 9, 17, 17, 17, 17, 17, 17, 17, 17, 17, 17
6, 6, 6, 6, 6, 6, 6, 6, 6, 6, 1, 1, 1, 1, 1, 1, 1, 1, 1, 1, 2, 2, 2, 2, 2, 2, 2, 2, 2, 2, 7, 7, 7, 7, 7, 7, 7, 7, 7, 7, 19, 19, 19, 19, 19, 19, 19, 19, 19, 19, 13, 13, 13, 13, 13, 13, 13, 13, 13, 13, 9, 9, 9, 9, 9, 9, 9, 9, 9, 9, 17, 17, 17, 17, 17, 17, 17, 17, 17, 17
6, 6, 6, 6, 6, 6, 6, 6, 6, 6, 1, 1, 1, 1, 1, 1, 1, 1, 1, 1, 2, 2, 2, 2, 2, 2, 2, 2, 2, 2, 7, 7, 7, 7, 7, 7, 7, 7, 7, 7, 19, 19, 19, 19, 19, 19, 19, 19, 19, 19, 13, 13, 13, 13, 13, 13, 13, 13, 13, 13, 9, 9, 9, 9, 9, 9, 9, 9, 9, 9, 17, 17, 17, 17, 17, 17, 17, 17, 17, 17
6, 6, 6, 6, 6, 6, 6, 6, 6, 6, 1, 1, 1, 1, 1, 1, 1, 1, 1, 1, 2, 2, 2, 2, 2, 2, 2, 2, 2, 2, 7, 7, 7, 7, 7, 7, 7, 7, 7, 7, 19, 19, 19, 19, 19, 19, 19, 19, 19, 19, 13, 13, 13, 13, 13, 13, 13, 13, 13, 13, 9, 9, 9, 9, 9, 9, 9, 9, 9, 9, 17, 17, 17, 17, 17, 17, 17, 17, 17, 17
6, 6, 6, 6, 6, 6, 6, 6, 6, 6, 1, 1, 1, 1, 1, 1, 1, 1, 1, 1, 2, 2, 2, 2, 2, 2, 2, 2, 2, 2, 7, 7, 7, 7, 7, 7, 7, 7, 7, 7, 19, 19, 19, 19, 19, 19, 19, 19, 19, 19, 13, 13, 13, 13, 13, 13, 13, 13, 13, 13, 9, 9, 9, 9, 9, 9, 9, 9, 9, 9, 17, 17, 17, 17, 17, 17, 17, 17, 17, 17
20, 20, 20, 20, 20, 20, 20, 20, 20, 20, 11, 11, 11, 11, 11, 11, 11, 11, 11, 11, 13, 13, 13, 13, 13, 13, 13, 13, 13, 13, 4, 4, 4, 4, 4, 4, 4, 4, 4, 4, 7, 7, 7, 7, 7, 7, 7, 7, 7, 7, 3, 3, 3, 3, 3, 3, 3, 3, 3, 3, 11, 11, 11, 11, 11, 11, 11, 11, 11, 11, 20, 20, 20, 20, 20, 20, 20, 20, 20, 20
20, 20, 20, 20, 20, 20, 20, 20, 20, 20, 11, 11, 11, 11, 11, 11, 11, 11, 11, 11, 13, 13, 13, 13, 13, 13, 13, 13, 13, 13, 4, 4, 4, 4, 4, 4, 4, 4, 4, 4, 7, 7, 7, 7, 7, 7, 7, 7, 7, 7, 3, 3, 3, 3, 3, 3, 3, 3, 3, 3, 11, 11, 11, 11, 11, 11, 11, 11, 11, 11, 20, 20, 20, 20, 20, 20, 20, 20, 20, 20
20, 20, 20, 20, 20, 20, 20, 20, 20, 20, 11, 11, 11, 11, 11, 11, 11, 11, 11, 11, 13, 13, 13, 13, 13, 13, 13, 13, 13, 13, 4, 4, 4, 4, 4, 4, 4, 4, 4, 4, 7, 7, 7, 7, 7, 7, 7, 7, 7, 7, 3, 3, 3, 3, 3, 3, 3, 3, 3, 3, 11, 11, 11, 11, 11, 11, 11, 11, 11, 11, 20, 20, 20, 20, 20, 20, 20, 20, 20, 20
20, 20, 20, 20, 20, 20, 20, 20, 20, 20, 11, 11, 11, 11, 11, 11, 11, 11, 11, 11, 13, 13, 13, 13, 13, 13, 13, 13, 13, 13, 4, 4, 4, 4, 4, 4, 4, 4, 4, 4, 7, 7, 7, 7, 7, 7, 7, 7, 7, 7, 3, 3, 3, 3, 3, 3, 3, 3, 3, 3, 11, 11, 11, 11, 11, 11, 11, 11, 11, 11, 20, 20, 20, 20, 20, 20, 20, 20, 20, 20
20, 20, 20, 20, 20, 20, 20, 20, 20, 20, 11, 11, 11, 11, 11, 11, 11, 11, 11, 11, 13, 13, 13, 13, 13, 13, 13, 13, 13, 13, 4, 4, 4, 4, 4, 4, 4, 4, 4, 4, 7, 7, 7, 7, 7, 7, 7, 7, 7, 7, 3, 3, 3, 3, 3, 3, 3, 3, 3, 3, 11, 11, 11, 11, 11, 11, 11, 11, 11, 11, 20, 20, 20, 20, 20, 20, 20, 20, 20, 20
20, 20, 20, 20, 20, 20, 20, 20, 20, 20, 11, 11, 11, 11, 11, 11, 11, 11, 11, 11, 13, 13, 13, 13, 13, 13, 13, 13, 13, 13, 4, 4, 4, 4, 4, 4, 4, 4, 4, 4, 7, 7, 7, 7, 7, 7, 7, 7, 7, 7, 3, 3, 3, 3, 3, 3, 3, 3, 3, 3, 11, 11, 11, 11, 11, 11, 11, 11, 11, 11, 20, 20, 20, 20, 20, 20, 20, 20, 20, 20
20, 20, 20, 20, 20, 20, 20, 20, 20, 20, 11, 11, 11, 11, 11, 11, 11, 11, 11, 11, 13, 13, 13, 13, 13, 13, 13, 13, 13, 13, 4, 4, 4, 4, 4, 4, 4, 4, 4, 4, 7, 7, 7, 7, 7, 7, 7, 7, 7, 7, 3, 3, 3, 3, 3, 3, 3, 3, 3, 3, 11, 11, 11, 11, 11, 11, 11, 11, 11, 11, 20, 20, 20, 20, 20, 20, 20, 20, 20, 20
20, 20, 20, 20, 20, 20, 20, 20, 20, 20, 11, 11, 11, 11, 11, 11, 11, 11, 11, 11, 13, 13, 13, 13, 13, 13, 13, 13, 13, 13, 4, 4, 4, 4, 4, 4, 4, 4, 4, 4, 7, 7, 7, 7, 7, 7, 7, 7, 7, 7, 3, 3, 3, 3, 3, 3, 3, 3, 3, 3, 11, 11, 11, 11, 11, 11, 11, 11, 11, 11, 20, 20, 20, 20, 20, 20, 20, 20, 20, 20
20, 20, 20, 20, 20, 20, 20, 20, 20, 20, 11, 11, 11, 11, 11, 11, 11, 11, 11, 11, 13, 13, 13, 13, 13, 13, 13, 13, 13, 13, 4, 4, 4, 4, 4, 4, 4, 4, 4, 4, 7, 7, 7, 7, 7, 7, 7, 7, 7, 7, 3, 3, 3, 3, 3, 3, 3, 3, 3, 3, 11, 11, 11, 11, 11, 11, 11, 11, 11, 11, 20, 20, 20, 20, 20, 20, 20, 20, 20, 20
20, 20, 20, 20, 20, 20, 20, 20, 20, 20, 11, 11, 11, 11, 11, 11, 11, 11, 11, 11, 13, 13, 13, 13, 13, 13, 13, 13, 13, 13, 4, 4, 4, 4, 4, 4, 4, 4, 4, 4, 7, 7, 7, 7, 7, 7, 7, 7, 7, 7, 3, 3, 3, 3, 3, 3, 3, 3, 3, 3, 11, 11, 11, 11, 11, 11, 11, 11, 11, 11, 20, 20, 20, 20, 20, 20, 20, 20, 20, 20
2, 2, 2, 2, 2, 2, 2, 2, 2, 2, 10, 10, 10, 10, 10, 10, 10, 10, 10, 10, 5, 5, 5, 5, 5, 5, 5, 5, 5, 5, 18, 18, 18, 18, 18, 18, 18, 18, 18, 18, 11, 11, 11, 11, 11, 11, 11, 11, 11, 11, 16, 16, 16, 16, 16, 16, 16, 16, 16, 16, 10, 10, 10, 10, 10, 10, 10, 10, 10, 10, 20, 20, 20, 20, 20, 20, 20, 20, 20, 20
2, 2, 2, 2, 2, 2, 2, 2, 2, 2, 10, 10, 10, 10, 10, 10, 10, 10, 10, 10, 5, 5, 5, 5, 5, 5, 5, 5, 5, 5, 18, 18, 18, 18, 18, 18, 18, 18, 18, 18, 11, 11, 11, 11, 11, 11, 11, 11, 11, 11, 16, 16, 16, 16, 16, 16, 16, 16, 16, 16, 10, 10, 10, 10, 10, 10, 10, 10, 10, 10, 20, 20, 20, 20, 20, 20, 20, 20, 20, 20
2, 2, 2, 2, 2, 2, 2, 2, 2, 2, 10, 10, 10, 10, 10, 10, 10, 10, 10, 10, 5, 5, 5, 5, 5, 5, 5, 5, 5, 5, 18, 18, 18, 18, 18, 18, 18, 18, 18, 18, 11, 11, 11, 11, 11, 11, 11, 11, 11, 11, 16, 16, 16, 16, 16, 16, 16, 16, 16, 16, 10, 10, 10, 10, 10, 10, 10, 10, 10, 10, 20, 20, 20, 20, 20, 20, 20, 20, 20, 20
2, 2, 2, 2, 2, 2, 2, 2, 2, 2, 10, 10, 10, 10, 10, 10, 10, 10, 10, 10, 5, 5, 5, 5, 5, 5, 5, 5, 5, 5, 18, 18, 18, 18, 18, 18, 18, 18, 18, 18, 11, 11, 11, 11, 11, 11, 11, 11, 11, 11, 16, 16, 16, 16, 16, 16, 16, 16, 16, 16, 10, 10, 10, 10, 10, 10, 10, 10, 10, 10, 20, 20, 20, 20, 20, 20, 20, 20, 20, 20
2, 2, 2, 2, 2, 2, 2, 2, 2, 2, 10, 10, 10, 10, 10, 10, 10, 10, 10, 10, 5, 5, 5, 5, 5, 5, 5, 5, 5, 5, 18, 18, 18, 18, 18, 18, 18, 18, 18, 18, 11, 11, 11, 11, 11, 11, 11, 11, 11, 11, 16, 16, 16, 16, 16, 16, 16, 16, 16, 16, 10, 10, 10, 10, 10, 10, 10, 10, 10, 10, 20, 20, 20, 20, 20, 20, 20, 20, 20, 20
2, 2, 2, 2, 2, 2, 2, 2, 2, 2, 10, 10, 10, 10, 10, 10, 10, 10, 10, 10, 5, 5, 5, 5, 5, 5, 5, 5, 5, 5, 18, 18, 18, 18, 18, 18, 18, 18, 18, 18, 11, 11, 11, 11, 11, 11, 11, 11, 11, 11, 16, 16, 16, 16, 16, 16, 16, 16, 16, 16, 10, 10, 10, 10, 10, 10, 10, 10, 10, 10, 20, 20, 20, 20, 20, 20, 20, 20, 20, 20
2, 2, 2, 2, 2, 2, 2, 2, 2, 2, 10, 10, 10, 10, 10, 10, 10, 10, 10, 10, 5, 5, 5, 5, 5, 5, 5, 5, 5, 5, 18, 18, 18, 18, 18, 18, 18, 18, 18, 18, 11, 11, 11, 11, 11, 11, 11, 11, 11, 11, 16, 16, 16, 16, 16, 16, 16, 16, 16, 16, 10, 10, 10, 10, 10, 10, 10, 10, 10, 10, 20, 20, 20, 20, 20, 20, 20, 20, 20, 20
2, 2, 2, 2, 2, 2, 2, 2, 2, 2, 10, 10, 10, 10, 10, 10, 10, 10, 10, 10, 5, 5, 5, 5, 5, 5, 5, 5, 5, 5, 18, 18, 18, 18, 18, 18, 18, 18, 18, 18, 11, 11, 11, 11, 11, 11, 11, 11, 11, 11, 16, 16, 16, 16, 16, 16, 16, 16, 16, 16, 10, 10, 10, 10, 10, 10, 10, 10, 10, 10, 20, 20, 20, 20, 20, 20, 20, 20, 20, 20
2, 2, 2, 2, 2, 2, 2, 2, 2, 2, 10, 10, 10, 10, 10, 10, 10, 10, 10, 10, 5, 5, 5, 5, 5, 5, 5, 5, 5, 5, 18, 18, 18, 18, 18, 18, 18, 18, 18, 18, 11, 11, 11, 11, 11, 11, 11, 11, 11, 11, 16, 16, 16, 16, 16, 16, 16, 16, 16, 16, 10, 10, 10, 10, 10, 10, 10, 10, 10, 10, 20, 20, 20, 20, 20, 20, 20, 20, 20, 20
2, 2, 2, 2, 2, 2, 2, 2, 2, 2, 10, 10, 10, 10, 10, 10, 10, 10, 10, 10, 5, 5, 5, 5, 5, 5, 5, 5, 5, 5, 18, 18, 18, 18, 18, 18, 18, 18, 18, 18, 11, 11, 11, 11, 11, 11, 11, 11, 11, 11, 16, 16, 16, 16, 16, 16, 16, 16, 16, 16, 10, 10, 10, 10, 10, 10, 10, 10, 10, 10, 20, 20, 20, 20, 20, 20, 20, 20, 20, 20
3, 3, 3, 3, 3, 3, 3, 3, 3, 3, 9, 9, 9, 9, 9, 9, 9, 9, 9, 9, 12, 12, 12, 12, 12, 12, 12, 12, 12, 12, 13, 13, 13, 13, 13, 13, 13, 13, 13, 13, 2, 2, 2, 2, 2, 2, 2, 2, 2, 2, 4, 4, 4, 4, 4, 4, 4, 4, 4, 4, 2, 2, 2, 2, 2, 2, 2, 2, 2, 2, 2, 2, 2, 2, 2, 2, 2, 2, 2, 2
3, 3, 3, 3, 3, 3, 3, 3, 3, 3, 9, 9, 9, 9, 9, 9, 9, 9, 9, 9, 12, 12, 12, 12, 12, 12, 12, 12, 12, 12, 13, 13, 13, 13, 13, 13, 13, 13, 13, 13, 2, 2, 2, 2, 2, 2, 2, 2, 2, 2, 4, 4, 4, 4, 4, 4, 4, 4, 4, 4, 2, 2, 2, 2, 2, 2, 2, 2, 2, 2, 2, 2, 2, 2, 2, 2, 2, 2, 2, 2
3, 3, 3, 3, 3, 3, 3, 3, 3, 3, 9, 9, 9, 9, 9, 9, 9, 9, 9, 9, 12, 12, 12, 12, 12, 12, 12, 12, 12, 12, 13, 13, 13, 13, 13, 13, 13, 13, 13, 13, 2, 2, 2, 2, 2, 2, 2, 2, 2, 2, 4, 4, 4, 4, 4, 4, 4, 4, 4, 4, 2, 2, 2, 2, 2, 2, 2, 2, 2, 2, 2, 2, 2, 2, 2, 2, 2, 2, 2, 2
3, 3, 3, 3, 3, 3, 3, 3, 3, 3, 9, 9, 9, 9, 9, 9, 9, 9, 9, 9, 12, 12, 12, 12, 12, 12, 12, 12, 12, 12, 13, 13, 13, 13, 13, 13, 13, 13, 13, 13, 2, 2, 2, 2, 2, 2, 2, 2, 2, 2, 4, 4, 4, 4, 4, 4, 4, 4, 4, 4, 2, 2, 2, 2, 2, 2, 2, 2, 2, 2, 2, 2, 2, 2, 2, 2, 2, 2, 2, 2
3, 3, 3, 3, 3, 3, 3, 3, 3, 3, 9, 9, 9, 9, 9, 9, 9, 9, 9, 9, 12, 12, 12, 12, 12, 12, 12, 12, 12, 12, 13, 13, 13, 13, 13, 13, 13, 13, 13, 13, 2, 2, 2, 2, 2, 2, 2, 2, 2, 2, 4, 4, 4, 4, 4, 4, 4, 4, 4, 4, 2, 2, 2, 2, 2, 2, 2, 2, 2, 2, 2, 2, 2, 2, 2, 2, 2, 2, 2, 2
3, 3, 3, 3, 3, 3, 3, 3, 3, 3, 9, 9, 9, 9, 9, 9, 9, 9, 9, 9, 12, 12, 12, 12, 12, 12, 12, 12, 12, 12, 13, 13, 13, 13, 13, 13, 13, 13, 13, 13, 2, 2, 2, 2, 2, 2, 2, 2, 2, 2, 4, 4, 4, 4, 4, 4, 4, 4, 4, 4, 2, 2, 2, 2, 2, 2, 2, 2, 2, 2, 2, 2, 2, 2, 2, 2, 2, 2, 2, 2
3, 3, 3, 3, 3, 3, 3, 3, 3, 3, 9, 9, 9, 9, 9, 9, 9, 9, 9, 9, 12, 12, 12, 12, 12, 12, 12, 12, 12, 12, 13, 13, 13, 13, 13, 13, 13, 13, 13, 13, 2, 2, 2, 2, 2, 2, 2, 2, 2, 2, 4, 4, 4, 4, 4, 4, 4, 4, 4, 4, 2, 2, 2, 2, 2, 2, 2, 2, 2, 2, 2, 2, 2, 2, 2, 2, 2, 2, 2, 2
3, 3, 3, 3, 3, 3, 3, 3, 3, 3, 9, 9, 9, 9, 9, 9, 9, 9, 9, 9, 12, 12, 12, 12, 12, 12, 12, 12, 12, 12, 13, 13, 13, 13, 13, 13, 13, 13, 13, 13, 2, 2, 2, 2, 2, 2, 2, 2, 2, 2, 4, 4, 4, 4, 4, 4, 4, 4, 4, 4, 2, 2, 2, 2, 2, 2, 2, 2, 2, 2, 2, 2, 2, 2, 2, 2, 2, 2, 2, 2
3, 3, 3, 3, 3, 3, 3, 3, 3, 3, 9, 9, 9, 9, 9, 9, 9, 9, 9, 9, 12, 12, 12, 12, 12, 12, 12, 12, 12, 12, 13, 13, 13, 13, 13, 13, 13, 13, 13, 13, 2, 2, 2, 2, 2, 2, 2, 2, 2, 2, 4, 4, 4, 4, 4, 4, 4, 4, 4, 4, 2, 2, 2, 2, 2, 2, 2, 2, 2, 2, 2, 2, 2, 2, 2, 2, 2, 2, 2, 2
3, 3, 3, 3, 3, 3, 3, 3, 3, 3, 9, 9, 9, 9, 9, 9, 9, 9, 9, 9, 12, 12, 12, 12, 12, 12, 12, 12, 12, 12, 13, 13, 13, 13, 13, 13, 13, 13, 13, 13, 2, 2, 2, 2, 2, 2, 2, 2, 2, 2, 4, 4, 4, 4, 4, 4, 4, 4, 4, 4, 2, 2, 2, 2, 2, 2, 2, 2, 2, 2, 2, 2, 2, 2, 2, 2, 2, 2, 2, 2
10, 10, 10, 10, 10, 10, 10, 10, 10, 10, 3, 3, 3, 3, 3, 3, 3, 3, 3, 3, 10, 10, 10, 10, 10, 10, 10, 10, 10, 10, 17, 17, 17, 17, 17, 17, 17, 17, 17, 17, 1, 1, 1, 1, 1, 1, 1, 1, 1, 1, 11, 11, 11, 11, 11, 11, 11, 11, 11, 11, 13, 13, 13, 13, 13, 13, 13, 13, 13, 13, 9, 9, 9, 9, 9, 9, 9, 9, 9, 9
10, 10, 10, 10, 10, 10, 10, 10, 10, 10, 3, 3, 3, 3, 3, 3, 3, 3, 3, 3, 10, 10, 10, 10, 10, 10, 10, 10, 10, 10, 17, 17, 17, 17, 17, 17, 17, 17, 17, 17, 1, 1, 1, 1, 1, 1, 1, 1, 1, 1, 11, 11, 11, 11, 11, 11, 11, 11, 11, 11, 13, 13, 13, 13, 13, 13, 13, 13, 13, 13, 9, 9, 9, 9, 9, 9, 9, 9, 9, 9
10, 10, 10, 10, 10, 10, 10, 10, 10, 10, 3, 3, 3, 3, 3, 3, 3, 3, 3, 3, 10, 10, 10, 10, 10, 10, 10, 10, 10, 10, 17, 17, 17, 17, 17, 17, 17, 17, 17, 17, 1, 1, 1, 1, 1, 1, 1, 1, 1, 1, 11, 11, 11, 11, 11, 11, 11, 11, 11, 11, 13, 13, 13, 13, 13, 13, 13, 13, 13, 13, 9, 9, 9, 9, 9, 9, 9, 9, 9, 9
10, 10, 10, 10, 10, 10, 10, 10, 10, 10, 3, 3, 3, 3, 3, 3, 3, 3, 3, 3, 10, 10, 10, 10, 10, 10, 10, 10, 10, 10, 17, 17, 17, 17, 17, 17, 17, 17, 17, 17, 1, 1, 1, 1, 1, 1, 1, 1, 1, 1, 11, 11, 11, 11, 11, 11, 11, 11, 11, 11, 13, 13, 13, 13, 13, 13, 13, 13, 13, 13, 9, 9, 9, 9, 9, 9, 9, 9, 9, 9
10, 10, 10, 10, 10, 10, 10, 10, 10, 10, 3, 3, 3, 3, 3, 3, 3, 3, 3, 3, 10, 10, 10, 10, 10, 10, 10, 10, 10, 10, 17, 17, 17, 17, 17, 17, 17, 17, 17, 17, 1, 1, 1, 1, 1, 1, 1, 1, 1, 1, 11, 11, 11, 11, 11, 11, 11, 11, 11, 11, 13, 13, 13, 13, 13, 13, 13, 13, 13, 13, 9, 9, 9, 9, 9, 9, 9, 9, 9, 9
10, 10, 10, 10, 10, 10, 10, 10, 10, 10, 3, 3, 3, 3, 3, 3, 3, 3, 3, 3, 10, 10, 10, 10, 10, 10, 10, 10, 10, 10, 17, 17, 17, 17, 17, 17, 17, 17, 17, 17, 1, 1, 1, 1, 1, 1, 1, 1, 1, 1, 11, 11, 11, 11, 11, 11, 11, 11, 11, 11, 13, 13, 13, 13, 13, 13, 13, 13, 13, 13, 9, 9, 9, 9, 9, 9, 9, 9, 9, 9
10, 10, 10, 10, 10, 10, 10, 10, 10, 10, 3, 3, 3, 3, 3, 3, 3, 3, 3, 3, 10, 10, 10, 10, 10, 10, 10, 10, 10, 10, 17, 17, 17, 17, 17, 17, 17, 17, 17, 17, 1, 1, 1, 1, 1, 1, 1, 1, 1, 1, 11, 11, 11, 11, 11, 11, 11, 11, 11, 11, 13, 13, 13, 13, 13, 13, 13, 13, 13, 13, 9, 9, 9, 9, 9, 9, 9, 9, 9, 9
10, 10, 10, 10, 10, 10, 10, 10, 10, 10, 3, 3, 3, 3, 3, 3, 3, 3, 3, 3, 10, 10, 10, 10, 10, 10, 10, 10, 10, 10, 17, 17, 17, 17, 17, 17, 17, 17, 17, 17, 1, 1, 1, 1, 1, 1, 1, 1, 1, 1, 11, 11, 11, 11, 11, 11, 11, 11, 11, 11, 13, 13, 13, 13, 13, 13, 13, 13, 13, 13, 9, 9, 9, 9, 9, 9, 9, 9, 9, 9
10, 10, 10, 10, 10, 10, 10, 10, 10, 10, 3, 3, 3, 3, 3, 3, 3, 3, 3, 3, 10, 10, 10, 10, 10, 10, 10, 10, 10, 10, 17, 17, 17, 17, 17, 17, 17, 17, 17, 17, 1, 1, 1, 1, 1, 1, 1, 1, 1, 1, 11, 11, 11, 11, 11, 11, 11, 11, 11, 11, 13, 13, 13, 13, 13, 13, 13, 13, 13, 13, 9, 9, 9, 9, 9, 9, 9, 9, 9, 9
10, 10, 10, 10, 10, 10, 10, 10, 10, 10, 3, 3, 3, 3, 3, 3, 3, 3, 3, 3, 10, 10, 10, 10, 10, 10, 10, 10, 10, 10, 17, 17, 17, 17, 17, 17, 17, 17, 17, 17, 1, 1, 1, 1, 1, 1, 1, 1, 1, 1, 11, 11, 11, 11, 11, 11, 11, 11, 11, 11, 13, 13, 13, 13, 13, 13, 13, 13, 13, 13, 9, 9, 9, 9, 9, 9, 9, 9, 9, 9
11, 11, 11, 11, 11, 11, 11, 11, 11, 11, 12, 12, 12, 12, 12, 12, 12, 12, 12, 12, 7, 7, 7, 7, 7, 7, 7, 7, 7, 7, 18, 18, 18, 18, 18, 18, 18, 18, 18, 18, 11, 11, 11, 11, 11, 11, 11, 11, 11, 11, 2, 2, 2, 2, 2, 2, 2, 2, 2, 2, 5, 5, 5, 5, 5, 5, 5, 5, 5, 5, 17, 17, 17, 17, 17, 17, 17, 17, 17, 17
11, 11, 11, 11, 11, 11, 11, 11, 11, 11, 12, 12, 12, 12, 12, 12, 12, 12, 12, 12, 7, 7, 7, 7, 7, 7, 7, 7, 7, 7, 18, 18, 18, 18, 18, 18, 18, 18, 18, 18, 11, 11, 11, 11, 11, 11, 11, 11, 11, 11, 2, 2, 2, 2, 2, 2, 2, 2, 2, 2, 5, 5, 5, 5, 5, 5, 5, 5, 5, 5, 17, 17, 17, 17, 17, 17, 17, 17, 17, 17
11, 11, 11, 11, 11, 11, 11, 11, 11, 11, 12, 12, 12, 12, 12, 12, 12, 12, 12, 12, 7, 7, 7, 7, 7, 7, 7, 7, 7, 7, 18, 18, 18, 18, 18, 18, 18, 18, 18, 18, 11, 11, 11, 11, 11, 11, 11, 11, 11, 11, 2, 2, 2, 2, 2, 2, 2, 2, 2, 2, 5, 5, 5, 5, 5, 5, 5, 5, 5, 5, 17, 17, 17, 17, 17, 17, 17, 17, 17, 17
11, 11, 11, 11, 11, 11, 11, 11, 11, 11, 12, 12, 12, 12, 12, 12, 12, 12, 12, 12, 7, 7, 7, 7, 7, 7, 7, 7, 7, 7, 18, 18, 18, 18, 18, 18, 18, 18, 18, 18, 11, 11, 11, 11, 11, 11, 11, 11, 11, 11, 2, 2, 2, 2, 2, 2, 2, 2, 2, 2, 5, 5, 5, 5, 5, 5, 5, 5, 5, 5, 17, 17, 17, 17, 17, 17, 17, 17, 17, 17
11, 11, 11, 11, 11, 11, 11, 11, 11, 11, 12, 12, 12, 12, 12, 12, 12, 12, 12, 12, 7, 7, 7, 7, 7, 7, 7, 7, 7, 7, 18, 18, 18, 18, 18, 18, 18, 18, 18, 18, 11, 11, 11, 11, 11, 11, 11, 11, 11, 11, 2, 2, 2, 2, 2, 2, 2, 2, 2, 2, 5, 5, 5, 5, 5, 5, 5, 5, 5, 5, 17, 17, 17, 17, 17, 17, 17, 17, 17, 17
11, 11, 11, 11, 11, 11, 11, 11, 11, 11, 12, 12, 12, 12, 12, 12, 12, 12, 12, 12, 7, 7, 7, 7, 7, 7, 7, 7, 7, 7, 18, 18, 18, 18, 18, 18, 18, 18, 18, 18, 11, 11, 11, 11, 11, 11, 11, 11, 11, 11, 2, 2, 2, 2, 2, 2, 2, 2, 2, 2, 5, 5, 5, 5, 5, 5, 5, 5, 5, 5, 17, 17, 17, 17, 17, 17, 17, 17, 17, 17
11, 11, 11, 11, 11, 11, 11, 11, 11, 11, 12, 12, 12, 12, 12, 12, 12, 12, 12, 12, 7, 7, 7, 7, 7, 7, 7, 7, 7, 7, 18, 18, 18, 18, 18, 18, 18, 18, 18, 18, 11, 11, 11, 11, 11, 11, 11, 11, 11, 11, 2, 2, 2, 2, 2, 2, 2, 2, 2, 2, 5, 5, 5, 5, 5, 5, 5, 5, 5, 5, 17, 17, 17, 17, 17, 17, 17, 17, 17, 17
11, 11, 11, 11, 11, 11, 11, 11, 11, 11, 12, 12, 12, 12, 12, 12, 12, 12, 12, 12, 7, 7, 7, 7, 7, 7, 7, 7, 7, 7, 18, 18, 18, 18, 18, 18, 18, 18, 18, 18, 11, 11, 11, 11, 11, 11, 11, 11, 11, 11, 2, 2, 2, 2, 2, 2, 2, 2, 2, 2, 5, 5, 5, 5, 5, 5, 5, 5, 5, 5, 17, 17, 17, 17, 17, 17, 17, 17, 17, 17
11, 11, 11, 11, 11, 11, 11, 11, 11, 11, 12, 12, 12, 12, 12, 12, 12, 12, 12, 12, 7, 7, 7, 7, 7, 7, 7, 7, 7, 7, 18, 18, 18, 18, 18, 18, 18, 18, 18, 18, 11, 11, 11, 11, 11, 11, 11, 11, 11, 11, 2, 2, 2, 2, 2, 2, 2, 2, 2, 2, 5, 5, 5, 5, 5, 5, 5, 5, 5, 5, 17, 17, 17, 17, 17, 17, 17, 17, 17, 17
11, 11, 11, 11, 11, 11, 11, 11, 11, 11, 12, 12, 12, 12, 12, 12, 12, 12, 12, 12, 7, 7, 7, 7, 7, 7, 7, 7, 7, 7, 18, 18, 18, 18, 18, 18, 18, 18, 18, 18, 11, 11, 11, 11, 11, 11, 11, 11, 11, 11, 2, 2, 2, 2, 2, 2, 2, 2, 2, 2, 5, 5, 5, 5, 5, 5, 5, 5, 5, 5, 17, 17, 17, 17, 17, 17, 17, 17, 17, 17
12
20, 10, 1600
10, 40, 2200
30, 20, 4600
10, 10, 700
10, 40, 3500
30, 20, 4600
30, 10, 2400
20, 40, 6300
30, 40, 8300
30, 20, 4800
20, 10, 1100
30, 40, 11200
