20
30
668, 714, 762, 812, 862, 915, 969, 1024, 1081, 1140, 1200, 1262, 1325, 1390, 1456, 1524, 1593, 1664, 1737, 1811, 1887, 1964, 2042, 2123, 2204, 2288, 2373, 2459, 2547, 2637
605, 650, 695, 742, 791, 841, 893, 946, 1001, 1058, 1116, 1175, 1236, 1299, 1363, 1429, 1496, 1565, 1635, 1707, 1780, 1855, 1932, 2010, 2089, 2171, 2253, 2337, 2423, 2511
546, 588, 632, 677, 723, 771, 821, 872, 925, 979, 1035, 1092, 1151, 1211, 1273, 1337, 1402, 1468, 1537, 1606, 1678, 1750, 1825, 1901, 1978, 2057, 2137, 2220, 2303, 2388
491, 530, 572, 614, 659, 705, 752, 801, 852, 904, 957, 1012, 1069, 1127, 1187, 1248, 1311, 1376, 1442, 1509, 1578, 1649, 1721, 1795, 1870, 1947, 2025, 2105, 2187, 2270
439, 476, 515, 556, 598, 642, 687, 734, 782, 832, 883, 936, 991, 1047, 1105, 1164, 1225, 1287, 1351, 1416, 1483, 1551, 1621, 1693, 1766, 1840, 1917, 1994, 2074, 2154
390, 426, 463, 501, 541, 583, 626, 670, 716, 764, 813, 864, 916, 970, 1026, 1083, 1141, 1201, 1263, 1326, 1391, 1457, 1525, 1594, 1665, 1738, 1812, 1887, 1964, 2043
346, 379, 413, 450, 487, 527, 568, 610, 654, 700, 747, 795, 846, 897, 951, 1005, 1062, 1120, 1179, 1240, 1303, 1367, 1432, 1499, 1568, 1638, 1710, 1784, 1858, 1935
304, 335, 368, 402, 438, 475, 513, 554, 596, 639, 684, 730, 778, 828, 879, 932, 986, 1041, 1099, 1157, 1218, 1280, 1343, 1408, 1475, 1543, 1612, 1684, 1756, 1831
267, 296, 326, 358, 391, 426, 463, 501, 541, 582, 624, 669, 715, 762, 811, 861, 913, 967, 1022, 1079, 1137, 1196, 1258, 1321, 1385, 1451, 1518, 1587, 1658, 1730
233, 259, 288, 317, 349, 381, 416, 452, 489, 528, 569, 611, 654, 700, 746, 795, 844, 896, 949, 1003, 1059, 1117, 1176, 1236, 1299, 1362, 1428, 1494, 1563, 1633
202, 227, 253, 280, 310, 340, 372, 406, 441, 478, 517, 556, 598, 641, 685, 732, 779, 828, 879, 931, 985, 1041, 1098, 1156, 1216, 1278, 1341, 1405, 1471, 1539
176, 198, 222, 247, 274, 303, 333, 364, 397, 432, 468, 506, 545, 586, 628, 672, 718, 765, 813, 863, 915, 968, 1023, 1079, 1137, 1196, 1257, 1320, 1384, 1449
153, 173, 194, 217, 242, 268, 296, 326, 357, 389, 423, 459, 496, 534, 575, 616, 660, 704, 751, 799, 848, 899, 952, 1006, 1062, 1119, 1177, 1238, 1300, 1363
133, 151, 170, 191, 214, 238, 264, 291, 320, 350, 382, 415, 450, 487, 525, 564, 605, 648, 692, 738, 785, 834, 884, 936, 990, 1045, 1101, 1159, 1219, 1280
117, 133, 150, 169, 189, 211, 235, 260, 286, 314, 344, 375, 408, 442, 478, 515, 554, 595, 637, 680, 726, 772, 820, 870, 921, 974, 1029, 1085, 1142, 1201
105, 118, 133, 150, 168, 188, 209, 232, 256, 282, 310, 339, 369, 402, 435, 470, 507, 545, 585, 627, 670, 714, 760, 808, 857, 907, 960, 1013, 1069, 1126
96, 107, 120, 135, 151, 168, 187, 208, 230, 254, 279, 306, 335, 364, 396, 429, 464, 500, 537, 577, 617, 660, 703, 749, 796, 844, 894, 946, 999, 1054
91, 100, 111, 123, 137, 152, 169, 188, 208, 229, 252, 277, 303, 331, 360, 391, 424, 457, 493, 530, 569, 609, 650, 694, 738, 785, 833, 882, 933, 985
89, 96, 105, 115, 127, 140, 155, 171, 189, 208, 229, 252, 276, 301, 328, 357, 387, 419, 452, 487, 523, 561, 601, 642, 685, 729, 774, 822, 870, 921
91, 96, 102, 110, 120, 131, 143, 158, 173, 191, 209, 230, 251, 275, 300, 326, 354, 384, 415, 448, 482, 518, 555, 594, 634, 676, 720, 765, 811, 860
15
2, 8, 239
2, 4, 158
3, 3, 163
5, 15, 1481
1, 15, 194
7, 2, 205
10, 1, 180
3, 15, 748
2, 9, 263
2, 9, 349
4, 8, 565
4, 3, 185
1, 13, 190
9, 15, 2320
8, 14, 1794
