40
60
-447, -431, -412, -389, -362, -333, -301, -267, -231, -194, -157, -121, -87, -55, -27, -4, 14, 24, 25, 17, -1, -31, -72, -125, -189, -262, -341, -421, -491, -532, -502, -404, -515, -488, -417, -329, -236, -146, -65, 6, 66, 113, 149, 174, 189, 194, 192, 182, 167, 147, 124, 99, 71, 44, 16, -10, -35, -58, -79, -97
-480, -470, -455, -437, -415, -389, -360, -328, -293, -257, -219, -181, -143, -106, -72, -40, -13, 9, 24, 31, 29, 17, -6, -40, -87, -145, -213, -289, -369, -445, -504, -518, -401, -475, -495, -440, -357, -263, -170, -83, -5, 62, 117, 160, 191, 211, 222, 224, 218, 206, 188, 167, 142, 116, 88, 60, 33, 6, -18, -40
-505, -500, -491, -477, -460, -439, -413, -385, -353, -318, -282, -243, -204, -164, -126, -88, -54, -23, 3, 23, 36, 40, 34, 18, -10, -50, -101, -164, -236, -315, -394, -463, -505, -475, -363, -482, -456, -382, -291, -195, -103, -18, 56, 118, 167, 205, 232, 248, 254, 252, 243, 229, 209, 186, 160, 132, 104, 76, 49, 23
-522, -522, -518, -510, -498, -481, -461, -436, -408, -377, -342, -305, -266, -226, -185, -144, -105, -67, -33, -3, 22, 39, 49, 49, 39, 18, -14, -59, -116, -183, -259, -338, -414, -473, -487, -373, -437, -459, -403, -317, -221, -125, -35, 46, 115, 172, 217, 250, 271, 283, 285, 280, 268, 251, 229, 204, 177, 149, 120, 92
-530, -535, -537, -534, -527, -516, -500, -481, -457, -430, -399, -364, -327, -288, -247, -204, -162, -120, -80, -43, -9, 19, 42, 57, 63, 60, 45, 20, -19, -69, -131, -202, -280, -359, -428, -470, -441, -314, -442, -416, -341, -247, -149, -54, 33, 110, 174, 225, 265, 292, 309, 316, 315, 306, 291, 271, 248, 221, 193, 164
-529, -540, -546, -549, -548, -542, -532, -518, -499, -476, -449, -419, -385, -348, -308, -266, -223, -179, -136, -93, -53, -16, 17, 44, 64, 76, 79, 71, 52, 20, -23, -79, -145, -220, -300, -375, -434, -449, -339, -392, -417, -360, -273, -174, -75, 18, 101, 172, 231, 277, 311, 333, 346, 348, 343, 331, 313, 291, 265, 237
-521, -536, -548, -556, -559, -559, -554, -546, -532, -515, -493, -467, -437, -403, -366, -327, -284, -241, -196, -150, -106, -63, -23, 13, 45, 70, 87, 96, 94, 82, 58, 21, -28, -89, -160, -238, -317, -386, -429, -401, -258, -397, -372, -295, -199, -98, -1, 88, 167, 233, 286, 326, 355, 372, 380, 378, 369, 354, 333, 309
-505, -525, -541, -553, -562, -567, -568, -565, -557, -545, -528, -508, -482, -453, -420, -383, -344, -301, -257, -211, -164, -118, -73, -30, 10, 45, 75, 97, 111, 116, 110, 93, 63, 20, -34, -100, -175, -254, -330, -390, -406, -299, -342, -370, -313, -224, -123, -22, 73, 158, 231, 291, 338, 373, 396, 408, 411, 406, 393, 375
-483, -506, -526, -543, -557, -567, -573, -575, -573, -566, -555, -540, -520, -496, -467, -435, -399, -359, -317, -272, -225, -178, -130, -82, -37, 6, 45, 79, 106, 126, 136, 137, 126, 103, 67, 19, -41, -112, -190, -269, -339, -382, -356, -196, -348, -323, -246, -148, -46, 54, 145, 225, 292, 347, 388, 417, 435, 442, 440, 431
-455, -481, -505, -526, -544, -558, -569, -576, -580, -578, -573, -563, -549, -530, -507, -479, -448, -412, -373, -331, -286, -238, -190, -141, -92, -44, 2, 44, 82, 114, 138, 154, 161, 157, 141, 112, 70, 16, -49, -124, -204, -280, -341, -358, -255, -288, -320, -264, -173, -71, 32, 129, 215, 290, 351, 399, 434, 458, 470, 472
-422, -451, -478, -502, -523, -542, -557, -569, -577, -582, -582, -578, -569, -556, -538, -516, -489, -459, -424, -385, -343, -298, -250, -201, -151, -100, -51, -3, 43, 84, 120, 149, 171, 184, 186, 176, 154, 120, 72, 12, -59, -137, -216, -288, -332, -308, -130, -296, -273, -195, -96, 8, 109, 202, 283, 351, 406, 448, 477, 495
-385, -416, -445, -472, -497, -519, -538, -554, -567, -576, -581, -583, -580, -572, -560, -544, -523, -497, -467, -433, -395, -354, -309, -261, -212, -160, -109, -57, -7, 41, 86, 125, 159, 186, 204, 212, 209, 194, 166, 125, 71, 6, -69, -150, -227, -289, -308, -208, -233, -269, -213, -122, -18, 87, 185, 272, 348, 409, 458, 493
-345, -377, -408, -437, -464, -489, -512, -532, -549, -562, -573, -579, -581, -579, -573, -562, -547, -527, -503, -474, -441, -404, -363, -318, -271, -221, -169, -116, -64, -11, 39, 86, 130, 168, 199, 222, 236, 240, 231, 211, 176, 129, 69, -2, -81, -162, -234, -280, -258, -59, -243, -222, -145, -45, 61, 163, 257, 339, 408, 463
-302, -335, -367, -397, -427, -454, -480, -503, -523, -541, -556, -567, -574, -577, -577, -572, -562, -548, -530, -507, -479, -447, -410, -370, -326, -279, -229, -177, -124, -70, -16, 37, 87, 133, 175, 211, 239, 258, 268, 266, 252, 225, 184, 130, 64, -12, -93, -172, -235, -257, -161, -177, -218, -163, -71, 33, 139, 238, 326, 402
-258, -291, -323, -355, -386, -415, -442, -468, -492, -513, -531, -546, -558, -567, -571, -572, -568, -560, -547, -530, -508, -481, -451, -415, -376, -333, -286, -236, -184, -130, -75, -20, 34, 86, 136, 181, 221, 254, 278, 293, 298, 290, 270, 236, 188, 128, 56, -24, -106, -180, -228, -209, 13, -192, -173, -96, 5, 111, 214, 309
-214, -246, -278, -310, -341, -372, -401, -429, -455, -479, -500, -519, -535, -548, -557, -563, -564, -562, -555, -544, -528, -507, -482, -452, -418, -380, -337, -291, -242, -190, -136, -80, -24, 31, 86, 138, 186, 229, 266, 296, 317, 327, 326, 312, 285, 244, 189, 122, 46, -37, -118, -183, -206, -116, -122, -170, -116, -24, 81, 187
-169, -201, -232, -264, -295, -326, -356, -385, -413, -439, -463, -485, -505, -522, -535, -545, -552, -555, -554, -548, -538, -524, -504, -481, -452, -419, -382, -341, -295, -247, -195, -141, -85, -29, 28, 84, 138, 189, 236, 277, 311, 337, 353, 358, 351, 330, 296, 248, 187, 114, 33, -51, -127, -177, -162, 90, -142, -127, -50, 50
-126, -156, -186, -217, -248, -279, -309, -339, -368, -396, -422, -446, -469, -489, -506, -520, -531, -539, -543, -543, -539, -530, -517, -499, -477, -450, -419, -383, -343, -298, -250, -199, -146, -90, -32, 25, 83, 139, 192, 242, 286, 325, 355, 376, 387, 386, 373, 345, 304, 249, 181, 102, 18, -65, -132, -159, -73, -71, -124, -72
-84, -112, -141, -171, -201, -231, -261, -291, -320, -349, -376, -403, -427, -450, -470, -488, -503, -515, -524, -529, -530, -527, -520, -509, -493, -472, -446, -416, -382, -343, -300, -253, -203, -149, -94, -36, 22, 81, 138, 193, 246, 294, 336, 371, 397, 413, 419, 411, 391, 356, 307, 245, 171, 88, 2, -77, -130, -118, 175, -97
-45, -71, -98, -125, -154, -183, -212, -242, -271, -300, -328, -355, -382, -406, -429, -450, -469, -484, -497, -507, -513, -516, -514, -508, -498, -484, -465, -441, -412, -379, -342, -300, -254, -205, -152, -97, -40, 19, 78, 137, 194, 248, 299, 345, 384, 415, 437, 448, 447, 433, 405, 362, 306, 237, 156, 70, -15, -85, -115, -34
-9, -32, -56, -82, -108, -136, -164, -192, -221, -249, -278, -305, -333, -359, -383, -407, -428, -447, -463, -477, -488, -495, -499, -499, -494, -486, -473, -455, -433, -406, -375, -339, -299, -254, -206, -154, -100, -43, 16, 75, 135, 193, 250, 303, 352, 394, 430, 456, 473, 478, 471, 449, 414, 364, 300, 224, 139, 50, -31, -87
24, 4, -18, -41, -65, -90, -116, -143, -171, -198, -226, -254, -281, -308, -334, -359, -382, -404, -423, -441, -455, -467, -475, -480, -481, -479, -472, -460, -444, -424, -399, -369, -335, -296, -253, -206, -156, -102, -46, 13, 72, 132, 192, 250, 305, 357, 403, 442, 473, 495, 506, 505, 490, 461, 418, 360, 289, 206, 117, 30
53, 36, 17, -3, -24, -47, -71, -96, -121, -148, -175, -202, -229, -256, -282, -308, -333, -356, -378, -398, -416, -431, -444, -453, -460, -462, -461, -456, -446, -432, -413, -390, -362, -330, -293, -251, -206, -157, -104, -48, 10, 69, 129, 190, 249, 306, 360, 409, 452, 487, 514, 530, 535, 527, 505, 468, 416, 350, 272, 185
77, 64, 49, 32, 13, -6, -28, -50, -74, -98, -124, -150, -176, -202, -229, -255, -281, -305, -329, -351, -371, -390, -406, -419, -430, -437, -441, -441, -438, -430, -418, -401, -380, -354, -323, -288, -248, -205, -157, -105, -51, 6, 66, 126, 187, 247, 305, 361, 413, 459, 498, 529, 551, 561, 559, 543, 513, 468, 409, 335
98, 88, 76, 62, 47, 31, 12, -8, -29, -51, -74, -99, -124, -149, -175, -201, -226, -252, -276, -300, -322, -343, -362, -379, -393, -405, -413, -419, -420, -418, -412, -402, -387, -368, -344, -315, -282, -244, -202, -156, -106, -53, 3, 62, 122, 183, 243, 303, 360, 414, 463, 506, 541, 568, 583, 587, 578, 555, 516, 463
113, 107, 99, 89, 77, 64, 49, 32, 14, -6, -27, -49, -72, -96, -121, -146, -171, -196, -221, -246, -269, -292, -313, -333, -350, -365, -378, -388, -395, -398, -397, -393, -384, -372, -354, -332, -306, -275, -239, -199, -155, -107, -55, 0, 58, 117, 178, 239, 299, 358, 414, 465, 511, 550, 581, 602, 611, 608, 591, 560
124, 122, 117, 111, 103, 93, 81, 67, 52, 36, 17, -2, -23, -45, -68, -92, -116, -140, -165, -190, -214, -238, -260, -282, -302, -320, -336, -350, -361, -369, -374, -375, -372, -366, -355, -340, -320, -296, -267, -233, -195, -153, -107, -56, -3, 54, 112, 173, 234, 294, 354, 411, 465, 514, 556, 591, 616, 631, 634, 624
131, 131, 131, 128, 123, 117, 109, 99, 87, 74, 58, 42, 23, 4, -17, -39, -61, -85, -109, -133, -157, -181, -205, -228, -249, -270, -289, -306, -321, -333, -342, -348, -351, -351, -346, -337, -324, -306, -284, -258, -226, -191, -150, -106, -58, -6, 49, 107, 166, 227, 288, 348, 407, 462, 513, 559, 597, 627, 647, 655
132, 136, 139, 140, 139, 137, 132, 126, 117, 107, 96, 82, 67, 50, 32, 12, -9, -30, -53, -76, -100, -124, -147, -171, -194, -216, -237, -256, -274, -290, -303, -314, -322, -326, -327, -325, -318, -307, -292, -272, -248, -219, -185, -147, -105, -59, -9, 45, 101, 160, 220, 280, 341, 400, 457, 510, 558, 600, 634, 659
129, 137, 143, 148, 150, 151, 151, 148, 143, 137, 128, 118, 106, 92, 77, 60, 42, 22, 2, -20, -43, -66, -89, -113, -136, -159, -181, -203, -223, -242, -258, -273, -285, -294, -300, -303, -303, -298, -289, -276, -259, -237, -210, -179, -144, -104, -60, -12, 40, 95, 152, 211, 272, 332, 392, 450, 505, 555, 600, 637
121, 132, 142, 150, 157, 161, 164, 165, 164, 161, 157, 150, 141, 131, 119, 105, 89, 72, 54, 34, 13, -8, -31, -54, -77, -100, -123, -146, -168, -189, -208, -226, -241, -255, -266, -273, -278, -279, -277, -270, -260, -245, -225, -201, -173, -140, -102, -60, -14, 35, 88, 144, 202, 262, 322, 382, 440, 497, 549, 596
109, 124, 137, 148, 158, 166, 173, 178, 180, 181, 180, 177, 172, 165, 156, 146, 133, 119, 103, 86, 67, 47, 26, 4, -18, -41, -64, -87, -110, -132, -153, -174, -192, -209, -224, -236, -246, -252, -255, -255, -251, -243, -230, -213, -192, -166, -135, -100, -61, -17, 30, 81, 136, 192, 251, 310, 370, 429, 486, 540
93, 111, 127, 142, 155, 167, 177, 185, 191, 196, 199, 199, 198, 195, 189, 182, 173, 162, 149, 135, 118, 101, 82, 62, 40, 18, -4, -27, -50, -73, -96, -118, -139, -158, -176, -192, -206, -217, -225, -231, -232, -230, -225, -215, -200, -182, -158, -130, -98, -61, -20, 25, 74, 126, 182, 239, 298, 357, 416, 474
73, 93, 113, 130, 147, 162, 175, 187, 197, 206, 212, 216, 219, 219, 218, 214, 208, 201, 191, 180, 166, 151, 135, 117, 97, 77, 55, 33, 10, -13, -36, -59, -81, -103, -123, -142, -160, -175, -188, -198, -205, -209, -209, -206, -199, -187, -171, -150, -125, -96, -61, -23, 20, 67, 117, 170, 226, 283, 342, 401
50, 73, 95, 115, 135, 153, 170, 185, 198, 210, 220, 228, 235, 239, 241, 241, 239, 235, 229, 220, 210, 198, 184, 169, 152, 133, 113, 92, 70, 48, 25, 1, -22, -45, -67, -88, -108, -127, -143, -158, -170, -179, -185, -188, -187, -182, -173, -160, -142, -120, -93, -62, -26, 14, 59, 107, 158, 212, 268, 326
24, 49, 73, 96, 119, 140, 160, 178, 195, 210, 224, 235, 245, 253, 259, 263, 264, 264, 261, 257, 250, 241, 230, 217, 203, 187, 169, 150, 129, 108, 85, 62, 39, 16, -8, -31, -53, -74, -94, -112, -128, -142, -153, -161, -166, -167, -165, -159, -148, -133, -114, -90, -62, -29, 9, 50, 96, 145, 197, 252
-5, 22, 48, 74, 99, 122, 145, 167, 187, 205, 222, 237, 251, 262, 272, 279, 284, 288, 289, 288, 285, 279, 272, 262, 250, 237, 222, 205, 186, 166, 145, 123, 100, 77, 53, 29, 6, -17, -39, -60, -80, -97, -113, -126, -136, -144, -148, -148, -144, -136, -124, -108, -87, -62, -31, 3, 42, 85, 132, 182
-36, -8, 21, 48, 75, 102, 127, 151, 174, 196, 216, 234, 251, 266, 279, 290, 299, 306, 311, 314, 314, 312, 308, 302, 294, 283, 271, 257, 241, 223, 203, 183, 161, 138, 115, 91, 66, 42, 19, -5, -27, -48, -67, -84, -99, -112, -121, -127, -130, -129, -124, -115, -102, -84, -62, -34, -3, 33, 73, 118
-70, -39, -10, 20, 49, 77, 105, 132, 157, 182, 205, 227, 247, 265, 282, 296, 309, 320, 328, 335, 339, 341, 340, 338, 333, 326, 316, 305, 291, 276, 259, 240, 220, 198, 176, 152, 128, 103, 79, 54, 30, 7, -15, -36, -55, -72, -87, -98, -107, -113, -114, -112, -106, -96, -81, -61, -37, -9, 24, 62
-104, -73, -42, -11, 20, 50, 80, 109, 137, 164, 190, 214, 238, 259, 279, 297, 313, 328, 340, 350, 358, 363, 367, 368, 366, 363, 357, 349, 338, 326, 311, 295, 276, 257, 235, 213, 189, 165, 140, 115, 90, 65, 40, 17, -6, -26, -45, -62, -76, -87, -95, -99, -100, -97, -89, -78, -61, -41, -15, 15
60
7, 3, 245
8, 7, 870
4, 11, 576
9, 1, 102
10, 3, 530
9, 11, 1504
4, 12, 621
6, 3, 192
2, 12, 479
7, 7, 623
9, 13, 1507
9, 4, 371
4, 15, 803
6, 11, 874
2, 6, 132
7, 2, 251
7, 7, 370
5, 11, 776
9, 2, 152
10, 4, 730
8, 11, 1404
4, 11, 321
6, 4, 292
2, 11, 579
7, 6, 723
9, 11, 1307
9, 5, 471
4, 14, 903
6, 12, 774
2, 7, 232
7, 3, 245
8, 7, 870
4, 11, 576
9, 1, 102
10, 3, 530
9, 11, 1504
4, 12, 621
6, 3, 192
2, 12, 479
7, 7, 623
9, 13, 1507
9, 4, 371
4, 15, 803
6, 11, 874
2, 6, 132
7, 2, 251
7, 7, 370
5, 11, 776
9, 2, 152
10, 4, 730
8, 11, 1404
4, 11, 321
6, 4, 292
2, 11, 579
7, 6, 723
9, 11, 1307
9, 5, 471
4, 14, 903
6, 12, 774
2, 7, 232
