20
30
-363, -267, -138, -19, 23, -84, -365, -518, -445, -109, 81, 103, 24, -87, -178, -218, -199, -124, -7, 135, 285, 426, 545, 634, 686, 700, 678, 623, 542, 441
-487, -470, -387, -252, -99, 14, 10, -172, -477, -500, -205, 101, 220, 192, 91, -17, -90, -107, -66, 24, 148, 287, 423, 541, 631, 685, 699, 676, 616, 527
-474, -540, -544, -477, -346, -174, -8, 79, 10, -249, -423, -314, 72, 304, 349, 274, 156, 51, -8, -8, 46, 142, 262, 388, 502, 591, 647, 664, 641, 581
-354, -475, -556, -580, -532, -412, -235, -36, 123, 159, 3, -300, -315, -12, 333, 473, 445, 329, 197, 96, 48, 58, 118, 212, 321, 428, 515, 573, 595, 577
-186, -321, -444, -535, -575, -549, -447, -276, -62, 145, 270, 226, -26, -236, -119, 291, 542, 585, 490, 341, 198, 100, 61, 78, 139, 227, 321, 406, 467, 495
-24, -137, -261, -380, -477, -532, -527, -449, -296, -84, 150, 339, 398, 249, -74, -100, 176, 536, 673, 623, 472, 296, 148, 56, 25, 47, 108, 187, 267, 332
86, 21, -69, -175, -286, -385, -453, -470, -420, -294, -98, 141, 370, 511, 471, 203, -64, 29, 439, 689, 711, 580, 385, 193, 47, -36, -57, -28, 33, 106
122, 117, 82, 18, -68, -168, -266, -344, -382, -362, -270, -104, 122, 367, 564, 622, 457, 93, 43, 257, 614, 736, 654, 458, 233, 38, -98, -166, -173, -134
83, 134, 159, 155, 119, 54, -31, -126, -212, -271, -283, -230, -102, 95, 334, 562, 696, 640, 337, -4, 44, 440, 681, 678, 509, 269, 32, -155, -271, -317
-20, 76, 156, 211, 236, 228, 186, 116, 27, -66, -145, -188, -176, -94, 62, 278, 512, 697, 736, 541, 124, 56, 179, 531, 639, 528, 296, 33, -198, -362
-160, -38, 81, 186, 269, 322, 339, 320, 265, 183, 85, -11, -85, -115, -82, 25, 202, 423, 633, 747, 664, 320, -95, -98, 283, 521, 504, 310, 41, -224
-310, -181, -44, 94, 220, 327, 405, 446, 447, 408, 333, 232, 121, 19, -52, -68, -15, 113, 303, 516, 679, 696, 470, 4, -45, -42, 315, 425, 304, 54
-441, -324, -188, -40, 111, 255, 381, 479, 541, 561, 536, 470, 368, 244, 118, 10, -56, -58, 16, 163, 359, 548, 643, 539, 163, -313, -357, 20, 276, 266
-531, -440, -323, -183, -29, 130, 285, 425, 539, 618, 654, 643, 585, 485, 353, 206, 65, -45, -101, -85, 12, 177, 370, 519, 523, 280, -218, -98, -335, 48
-566, -510, -423, -309, -171, -17, 145, 306, 454, 580, 672, 722, 723, 674, 577, 441, 279, 111, -38, -144, -183, -141, -18, 161, 341, 432, 323, -64, -579, -647
-538, -520, -471, -393, -286, -156, -7, 152, 313, 465, 596, 698, 758, 771, 732, 642, 505, 334, 146, -35, -184, -276, -288, -213, -61, 128, 281, 292, 53, -453
-452, -468, -458, -420, -354, -260, -142, -4, 147, 302, 452, 586, 693, 762, 786, 758, 676, 543, 369, 170, -35, -220, -357, -421, -396, -281, -100, 90, 198, 108
-315, -359, -384, -385, -362, -311, -234, -133, -10, 127, 272, 415, 547, 657, 733, 766, 749, 679, 556, 386, 181, -38, -249, -423, -533, -557, -485, -326, -120, 58
-143, -205, -256, -291, -307, -300, -269, -213, -132, -30, 90, 220, 354, 480, 589, 670, 713, 709, 653, 543, 384, 183, -41, -268, -471, -620, -689, -661, -533, -331
47, -22, -88, -148, -196, -228, -242, -233, -200, -143, -64, 35, 147, 267, 386, 493, 578, 630, 640, 601, 509, 366, 177, -43, -276, -497, -676, -785, -800, -711
15
7, 3, 245
8, 7, 870
4, 11, 576
9, 1, 102
10, 3, 530
9, 11, 1504
4, 12, 621
6, 3, 192
2, 12, 479
7, 7, 623
9, 13, 1507
9, 4, 371
4, 15, 803
6, 11, 874
2, 6, 132

