20
30
225, -333, -754, -444, 181, 549, 456, 74, -294, -427, -280, 34, 329, 443, 321, 53, -192, -305, -356, -439, -281, 278, 122, 552, 153, 323, 485, 151, -440, -809
-710, -136, 22, -347, -288, 188, 558, 500, 103, -321, -502, -371, -56, 239, 378, 358, 242, 37, -295, -524, -243, -427, 164, -52, 221, 662, 620, 145, -323, -465
-737, -24, -344, 402, 215, -105, -26, 221, 288, 103, -168, -333, -317, -157, 73, 301, 417, 280, -37, -93, -362, -166, -422, -316, 236, 511, 339, 37, -74, 53
-47, -261, 14, -103, 402, 464, -86, -348, -162, 133, 241, 109, -133, -297, -251, -21, 192, 221, 273, 253, 57, -223, -511, -209, 77, 40, -117, -99, 156, 477
-478, 86, 369, 2, 524, -36, 248, -102, -419, -257, 131, 339, 227, -43, -226, -244, -185, -7, 327, 198, 285, -130, -92, 22, -130, -393, -451, -181, 269, 628
-190, -114, 211, 519, 178, -23, -317, -105, 64, -125, -145, 42, 199, 202, 74, -135, -283, -114, -95, 236, 60, 157, 329, 174, -227, -522, -475, -134, 270, 501
251, 302, 175, 86, 148, 48, -383, 20, -182, 260, 145, -135, -154, 48, 186, 100, 5, -207, -71, -200, -82, 281, 390, 139, -197, -334, -206, 47, 229, 226
300, 487, 397, 79, -228, -261, -70, -75, 8, 30, 110, 105, -116, -152, -35, 110, 167, 107, -99, -270, -51, 159, 115, -56, -130, -25, 162, 267, 193, -37
270, 335, 262, 63, -180, -321, -223, 76, 238, 20, 68, -159, 66, 46, -98, -44, 16, 129, -38, 8, 86, -13, -193, -243, -78, 198, 393, 372, 132, -209
323, 182, -15, -168, -208, -136, -15, 85, 127, 87, -72, -101, -13, 27, 62, -56, -16, -100, 18, 192, 141, -100, -284, -237, 10, 278, 388, 269, -13, -312
306, 63, -183, -303, -236, -34, 157, 193, 60, -96, -96, 24, 32, 5, -24, 51, -37, -69, 70, 128, 2, -166, -194, -44, 171, 295, 240, 30, -225, -394
124, -129, -286, -265, -87, 121, 205, 105, -71, -129, -9, 83, -20, -11, 19, -4, -51, 24, 118, 42, -129, -203, -92, 124, 285, 275, 91, -171, -375, -418
-115, -345, -371, -180, 104, 286, 230, -8, -196, -139, 56, 76, 14, -12, -60, 13, -52, 148, -6, -117, -119, -51, 64, 175, 206, 116, -66, -253, -346, -289
-252, -411, -335, -85, 167, 248, 123, -50, -72, 32, -15, -160, 61, 86, 50, -91, 17, 143, -34, -133, -219, 54, 294, 285, 83, -157, -310, -325, -211, -15
-247, -244, -88, 85, 121, -14, -163, -101, 165, 254, -44, -24, -196, -47, 87, 166, 32, -160, -16, -256, 134, 28, 150, 288, 123, -225, -470, -442, -169, 193
-175, 57, 283, 311, 71, -273, -396, -140, 185, 129, 186, 43, -26, -158, -156, 44, 183, 38, -251, -129, 268, 177, 221, -142, -115, -104, -237, -311, -163, 166
-116, 295, 538, 435, 55, -284, -286, -78, -131, -158, 94, 216, 249, 43, -140, -220, -152, 43, 170, 45, -70, 299, -96, 137, -412, -439, -52, 171, 179, 171
-82, 325, 466, 293, 36, -2, 149, 3, -412, -152, -216, 109, 213, 251, 172, -70, -307, -294, 24, 374, 341, -90, -201, 62, -375, -148, -350, 164, 601, 549
-32, 137, 60, -89, 2, 367, 479, -5, 101, -356, -227, -229, -124, 126, 297, 250, 33, -187, -230, -25, 273, 304, -144, -568, -111, -281, 394, 77, 184, 591
60, -151, -449, -461, -10, 450, 275, 391, 97, 121, -91, -372, -395, -215, 24, 234, 344, 285, 60, -202, -296, -128, 101, 14, -370, -201, 576, 143, 529, -97
10
7, 3, 0
3, 3, 0
4, 6, 0
5, 2, 0
7, 4, 0
6, 10, 0
1, 14, 0
5, 13, 0
1, 2, 0
5, 1, 0
