40
60
39, 38, 38, 38, 39, 40, 42, 45, 48, 51, 56, 60, 65, 71, 77, 84, 91, 99, 108, 117, 126, 136, 147, 158, 169, 182, 194, 208, 221, 236, 250, 266, 282, 298, 315, 333, 351, 370, 389, 408, 429, 449, 471, 493, 515, 538, 561, 585, 610, 635, 661, 687, 713, 741, 768, 797, 826, 855, 885, 915
37, 36, 35, 34, 34, 35, 36, 38, 40, 43, 46, 50, 55, 60, 65, 71, 78, 85, 92, 101, 109, 119, 128, 139, 150, 161, 173, 186, 199, 212, 226, 241, 256, 272, 288, 305, 322, 340, 358, 377, 397, 417, 437, 459, 480, 502, 525, 548, 572, 596, 621, 647, 673, 699, 726, 754, 782, 810, 840, 869
37, 34, 33, 31, 31, 31, 31, 32, 34, 36, 38, 41, 45, 49, 54, 59, 65, 72, 78, 86, 94, 102, 111, 121, 131, 142, 153, 165, 177, 190, 203, 217, 232, 247, 262, 278, 295, 312, 329, 348, 366, 386, 405, 426, 447, 468, 490, 513, 536, 559, 583, 608, 633, 659, 685, 712, 739, 767, 796, 824
37, 34, 32, 30, 29, 28, 27, 28, 28, 30, 32, 34, 37, 40, 44, 49, 54, 60, 66, 72, 80, 87, 96, 105, 114, 124, 134, 145, 157, 169, 181, 195, 208, 222, 237, 253, 268, 285, 302, 319, 337, 356, 375, 394, 414, 435, 456, 478, 500, 523, 546, 570, 595, 620, 645, 671, 698, 725, 753, 781
39, 36, 32, 30, 28, 26, 25, 24, 24, 25, 26, 28, 30, 33, 36, 40, 44, 49, 54, 60, 67, 74, 81, 89, 98, 107, 117, 127, 138, 149, 161, 173, 186, 200, 214, 228, 243, 259, 275, 292, 309, 327, 345, 364, 383, 403, 424, 445, 466, 488, 511, 534, 558, 582, 607, 632, 658, 684, 711, 739
42, 38, 34, 31, 28, 25, 24, 22, 22, 21, 22, 23, 24, 26, 28, 32, 35, 39, 44, 49, 55, 61, 68, 75, 83, 91, 100, 110, 120, 130, 142, 153, 165, 178, 191, 205, 220, 234, 250, 266, 282, 299, 317, 335, 353, 373, 392, 413, 433, 455, 477, 499, 522, 545, 569, 594, 619, 645, 671, 697
47, 42, 37, 33, 29, 26, 23, 21, 20, 19, 19, 19, 19, 21, 22, 25, 28, 31, 35, 39, 44, 50, 56, 62, 69, 77, 85, 94, 103, 113, 124, 134, 146, 158, 170, 183, 197, 211, 226, 241, 257, 273, 290, 307, 325, 343, 362, 382, 402, 422, 443, 465, 487, 510, 533, 557, 581, 606, 632, 658
53, 47, 41, 36, 32, 28, 25, 22, 20, 18, 17, 16, 16, 17, 18, 19, 21, 24, 27, 31, 35, 40, 45, 51, 57, 64, 71, 79, 88, 97, 107, 117, 127, 139, 150, 163, 176, 189, 203, 217, 232, 248, 264, 280, 298, 315, 333, 352, 371, 391, 412, 432, 454, 476, 498, 521, 545, 569, 594, 619
59, 53, 47, 41, 36, 31, 27, 24, 21, 18, 16, 15, 14, 14, 14, 15, 16, 18, 20, 23, 27, 31, 35, 40, 46, 52, 59, 66, 74, 82, 91, 100, 110, 121, 132, 143, 155, 168, 181, 195, 209, 224, 239, 255, 271, 288, 306, 324, 342, 361, 381, 401, 422, 443, 465, 487, 510, 533, 557, 582
68, 60, 53, 47, 41, 36, 31, 26, 23, 19, 17, 15, 13, 12, 12, 12, 12, 13, 15, 17, 20, 23, 27, 31, 36, 42, 47, 54, 61, 69, 77, 85, 94, 104, 114, 125, 137, 148, 161, 174, 187, 201, 216, 231, 246, 263, 279, 297, 314, 333, 352, 371, 391, 411, 432, 454, 476, 499, 522, 545
77, 69, 61, 54, 47, 41, 36, 31, 26, 22, 19, 16, 13, 12, 10, 10, 10, 10, 11, 12, 14, 17, 20, 23, 27, 32, 37, 43, 49, 56, 63, 71, 80, 89, 98, 108, 119, 130, 142, 154, 167, 180, 194, 208, 223, 238, 254, 271, 288, 305, 323, 342, 361, 381, 401, 422, 443, 465, 488, 510
88, 79, 70, 62, 55, 48, 42, 36, 31, 26, 22, 18, 15, 13, 11, 9, 8, 8, 8, 9, 10, 12, 14, 17, 20, 24, 28, 33, 39, 45, 52, 59, 66, 75, 83, 93, 102, 113, 124, 135, 147, 160, 173, 186, 200, 215, 230, 246, 262, 279, 296, 314, 333, 352, 371, 391, 412, 433, 455, 477
99, 90, 80, 72, 64, 56, 49, 42, 36, 31, 26, 22, 18, 15, 12, 10, 8, 7, 6, 6, 7, 8, 9, 11, 14, 17, 21, 25, 30, 35, 41, 47, 54, 62, 70, 78, 87, 97, 107, 118, 129, 141, 153, 166, 179, 193, 208, 222, 238, 254, 271, 288, 305, 324, 342, 362, 382, 402, 423, 444
112, 102, 92, 83, 74, 65, 58, 50, 44, 37, 32, 27, 22, 18, 14, 11, 9, 7, 6, 5, 5, 5, 6, 7, 9, 11, 14, 18, 22, 26, 31, 37, 43, 50, 57, 65, 73, 82, 91, 101, 112, 123, 134, 147, 159, 172, 186, 200, 215, 230, 246, 263, 280, 297, 315, 334, 353, 372, 392, 413
127, 116, 105, 95, 85, 76, 67, 59, 52, 45, 38, 33, 27, 22, 18, 14, 11, 9, 6, 5, 4, 3, 3, 4, 5, 7, 9, 12, 15, 19, 23, 28, 33, 39, 46, 53, 60, 69, 77, 86, 96, 106, 117, 129, 140, 153, 166, 179, 193, 208, 223, 239, 255, 271, 289, 306, 325, 344, 363, 383
142, 130, 119, 108, 97, 88, 78, 70, 61, 54, 46, 40, 34, 28, 23, 19, 15, 11, 8, 6, 4, 3, 2, 2, 3, 4, 5, 7, 9, 13, 16, 20, 25, 30, 36, 42, 49, 56, 64, 73, 82, 91, 101, 112, 123, 135, 147, 159, 173, 187, 201, 216, 231, 247, 264, 281, 298, 316, 335, 354
159, 146, 134, 122, 111, 101, 91, 81, 72, 64, 56, 48, 41, 35, 29, 24, 19, 15, 12, 9, 6, 4, 3, 2, 1, 2, 2, 3, 5, 7, 10, 14, 18, 22, 27, 33, 39, 45, 52, 60, 68, 77, 86, 96, 107, 117, 129, 141, 153, 167, 180, 194, 209, 224, 240, 256, 273, 290, 308, 327
177, 163, 151, 138, 126, 115, 104, 94, 84, 75, 66, 58, 50, 43, 37, 31, 25, 21, 16, 12, 9, 6, 4, 2, 1, 1, 1, 1, 2, 4, 6, 8, 12, 15, 20, 24, 30, 35, 42, 49, 56, 64, 73, 82, 92, 102, 112, 124, 135, 148, 161, 174, 188, 202, 217, 233, 249, 266, 283, 300
196, 182, 168, 155, 142, 130, 119, 108, 97, 87, 78, 69, 61, 53, 46, 39, 33, 27, 22, 17, 13, 10, 7, 4, 3, 1, 0, 0, 0, 1, 2, 4, 7, 10, 13, 17, 22, 27, 33, 39, 45, 53, 60, 69, 78, 87, 97, 108, 119, 130, 142, 155, 168, 182, 196, 211, 226, 242, 258, 275
217, 202, 187, 173, 160, 147, 135, 123, 112, 101, 91, 81, 72, 64, 56, 48, 41, 35, 29, 23, 19, 14, 11, 8, 5, 3, 1, 0, 0, 0, 0, 2, 3, 5, 8, 11, 15, 20, 24, 30, 36, 42, 49, 57, 65, 74, 83, 93, 103, 114, 125, 137, 149, 162, 176, 190, 204, 220, 235, 251
238, 223, 207, 193, 179, 165, 152, 139, 127, 116, 105, 95, 85, 75, 67, 58, 51, 44, 37, 31, 25, 20, 16, 12, 9, 6, 3, 2, 0, 0, 0, 0, 1, 2, 4, 7, 10, 13, 18, 22, 27, 33, 40, 46, 54, 62, 70, 79, 89, 99, 109, 120, 132, 144, 157, 170, 184, 198, 213, 229
261, 245, 229, 213, 198, 184, 170, 157, 144, 132, 120, 109, 99, 89, 79, 70, 62, 54, 46, 40, 33, 27, 22, 18, 13, 10, 7, 4, 2, 1, 0, 0, 0, 0, 2, 3, 6, 9, 12, 16, 20, 25, 31, 37, 44, 51, 58, 67, 75, 85, 95, 105, 116, 127, 139, 152, 165, 179, 193, 207
285, 268, 251, 235, 220, 204, 190, 176, 162, 149, 137, 125, 114, 103, 93, 83, 74, 65, 57, 49, 42, 36, 30, 24, 20, 15, 11, 8, 5, 3, 2, 0, 0, 0, 0, 1, 3, 5, 8, 11, 14, 19, 23, 29, 35, 41, 48, 56, 64, 72, 81, 91, 101, 112, 123, 135, 147, 160, 173, 187
311, 293, 275, 258, 242, 226, 211, 196, 182, 168, 155, 142, 130, 119, 108, 97, 87, 78, 69, 60, 53, 45, 39, 33, 27, 22, 17, 13, 10, 7, 4, 2, 1, 0, 0, 0, 1, 3, 4, 7, 10, 13, 17, 22, 27, 33, 39, 46, 53, 61, 69, 78, 87, 97, 108, 119, 130, 142, 155, 168
337, 319, 300, 283, 266, 249, 233, 217, 202, 188, 174, 161, 148, 135, 124, 112, 102, 92, 82, 73, 64, 56, 49, 42, 35, 30, 24, 20, 15, 12, 8, 6, 4, 2, 1, 1, 1, 1, 2, 4, 6, 9, 12, 16, 21, 25, 31, 37, 43, 50, 58, 66, 75, 84, 94, 104, 115, 126, 138, 151
365, 346, 327, 308, 290, 273, 256, 240, 224, 209, 194, 180, 167, 153, 141, 129, 117, 107, 96, 86, 77, 68, 60, 52, 45, 39, 33, 27, 22, 18, 14, 10, 7, 5, 3, 2, 2, 1, 2, 3, 4, 6, 9, 12, 15, 19, 24, 29, 35, 41, 48, 56, 64, 72, 81, 91, 101, 111, 122, 134
394, 374, 354, 335, 316, 298, 281, 264, 247, 231, 216, 201, 187, 173, 159, 147, 135, 123, 112, 101, 91, 82, 73, 64, 56, 49, 42, 36, 30, 25, 20, 16, 13, 9, 7, 5, 4, 3, 2, 2, 3, 4, 6, 8, 11, 15, 19, 23, 28, 34, 40, 46, 54, 61, 70, 78, 88, 97, 108, 119
425, 404, 383, 363, 344, 325, 306, 289, 271, 255, 239, 223, 208, 193, 179, 166, 153, 140, 129, 117, 106, 96, 86, 77, 69, 60, 53, 46, 39, 33, 28, 23, 19, 15, 12, 9, 7, 5, 4, 3, 3, 4, 5, 6, 9, 11, 14, 18, 22, 27, 33, 38, 45, 52, 59, 67, 76, 85, 95, 105
456, 434, 413, 392, 372, 353, 334, 315, 297, 280, 263, 246, 230, 215, 200, 186, 172, 159, 147, 134, 123, 112, 101, 91, 82, 73, 65, 57, 50, 43, 37, 31, 26, 22, 18, 14, 11, 9, 7, 6, 5, 5, 5, 6, 7, 9, 11, 14, 18, 22, 27, 32, 37, 44, 50, 58, 65, 74, 83, 92
489, 466, 444, 423, 402, 382, 362, 342, 324, 305, 288, 271, 254, 238, 222, 208, 193, 179, 166, 153, 141, 129, 118, 107, 97, 87, 78, 70, 62, 54, 47, 41, 35, 30, 25, 21, 17, 14, 11, 9, 8, 7, 6, 6, 7, 8, 10, 12, 15, 18, 22, 26, 31, 36, 42, 49, 56, 64, 72, 80
523, 499, 477, 455, 433, 412, 391, 371, 352, 333, 314, 296, 279, 262, 246, 230, 215, 200, 186, 173, 160, 147, 135, 124, 113, 102, 93, 83, 75, 66, 59, 52, 45, 39, 33, 28, 24, 20, 17, 14, 12, 10, 9, 8, 8, 8, 9, 11, 13, 15, 18, 22, 26, 31, 36, 42, 48, 55, 62, 70
558, 534, 510, 488, 465, 443, 422, 401, 381, 361, 342, 323, 305, 288, 271, 254, 238, 223, 208, 194, 180, 167, 154, 142, 130, 119, 108, 98, 89, 80, 71, 63, 56, 49, 43, 37, 32, 27, 23, 20, 17, 14, 12, 11, 10, 10, 10, 10, 12, 13, 16, 19, 22, 26, 31, 36, 41, 47, 54, 61
594, 570, 545, 522, 499, 476, 454, 432, 411, 391, 371, 352, 333, 314, 297, 279, 263, 246, 231, 216, 201, 187, 174, 161, 148, 137, 125, 114, 104, 94, 85, 77, 69, 61, 54, 47, 42, 36, 31, 27, 23, 20, 17, 15, 13, 12, 12, 12, 12, 13, 15, 17, 19, 23, 26, 31, 36, 41, 47, 53
632, 607, 582, 557, 533, 510, 487, 465, 443, 422, 401, 381, 361, 342, 324, 306, 288, 271, 255, 239, 224, 209, 195, 181, 168, 155, 143, 132, 121, 110, 100, 91, 82, 74, 66, 59, 52, 46, 40, 35, 31, 27, 23, 20, 18, 16, 15, 14, 14, 14, 15, 16, 18, 21, 24, 27, 31, 36, 41, 47
671, 645, 619, 594, 569, 545, 521, 498, 476, 454, 432, 412, 391, 371, 352, 333, 315, 298, 280, 264, 248, 232, 217, 203, 189, 176, 163, 150, 139, 127, 117, 107, 97, 88, 79, 71, 64, 57, 51, 45, 40, 35, 31, 27, 24, 21, 19, 18, 17, 16, 16, 17, 18, 20, 22, 25, 28, 32, 36, 41
711, 684, 658, 632, 606, 581, 557, 533, 510, 487, 465, 443, 422, 402, 382, 362, 343, 325, 307, 290, 273, 257, 241, 226, 211, 197, 183, 170, 158, 146, 134, 124, 113, 103, 94, 85, 77, 69, 62, 56, 50, 44, 39, 35, 31, 28, 25, 22, 21, 19, 19, 19, 19, 20, 21, 23, 26, 29, 33, 37
753, 725, 697, 671, 645, 619, 594, 569, 545, 522, 499, 477, 455, 433, 413, 392, 373, 353, 335, 317, 299, 282, 266, 250, 234, 220, 205, 191, 178, 165, 153, 142, 130, 120, 110, 100, 91, 83, 75, 68, 61, 55, 49, 44, 39, 35, 32, 28, 26, 24, 23, 22, 21, 22, 22, 24, 25, 28, 31, 34
795, 767, 739, 711, 684, 658, 632, 607, 582, 558, 534, 511, 488, 466, 445, 424, 403, 383, 364, 345, 327, 309, 292, 275, 259, 243, 228, 214, 200, 186, 173, 161, 149, 138, 127, 117, 107, 98, 89, 81, 74, 67, 60, 54, 49, 44, 40, 36, 33, 30, 28, 26, 25, 24, 24, 25, 26, 28, 30, 32
839, 810, 781, 753, 725, 698, 671, 645, 620, 595, 570, 546, 523, 500, 478, 456, 435, 414, 394, 375, 356, 337, 319, 302, 285, 268, 253, 237, 222, 208, 195, 181, 169, 157, 145, 134, 124, 114, 105, 96, 87, 80, 72, 66, 60, 54, 49, 44, 40, 37, 34, 32, 30, 28, 28, 27, 28, 29, 30, 32
884, 854, 824, 796, 767, 739, 712, 685, 659, 633, 608, 583, 559, 536, 513, 490, 468, 447, 426, 405, 386, 366, 348, 329, 312, 295, 278, 262, 247, 232, 217, 203, 190, 177, 165, 153, 142, 131, 121, 111, 102, 94, 86, 78, 72, 65, 59, 54, 49, 45, 41, 38, 36, 34, 32, 31, 31, 31, 31, 33
60
7, 3, 245
8, 7, 870
4, 11, 576
9, 1, 102
10, 3, 530
9, 11, 1504
4, 12, 621
6, 3, 192
2, 12, 479
7, 7, 623
9, 13, 1507
9, 4, 371
4, 15, 803
6, 11, 874
2, 6, 132
7, 2, 251
7, 7, 370
5, 11, 776
9, 2, 152
10, 4, 730
8, 11, 1404
4, 11, 321
6, 4, 292
2, 11, 579
7, 6, 723
9, 11, 1307
9, 5, 471
4, 14, 903
6, 12, 774
2, 7, 232
7, 3, 245
8, 7, 870
4, 11, 576
9, 1, 102
10, 3, 530
9, 11, 1504
4, 12, 621
6, 3, 192
2, 12, 479
7, 7, 623
9, 13, 1507
9, 4, 371
4, 15, 803
6, 11, 874
2, 6, 132
7, 2, 251
7, 7, 370
5, 11, 776
9, 2, 152
10, 4, 730
8, 11, 1404
4, 11, 321
6, 4, 292
2, 11, 579
7, 6, 723
9, 11, 1307
9, 5, 471
4, 14, 903
6, 12, 774
2, 7, 232

