20
30
1, 0, 1, 1, -1, -1, 1, 0, -1, -1, -1, 1, 0, -1, 0, 0, 0, -1, -1, 0, -1, 1, -1, -1, 0, 1, -1, 0, 1, 0
1, -1, 0, 0, 0, 0, 0, -1, 1, -1, 1, 0, 0, 1, 0, -1, 0, 1, 0, -1, 1, 0, -1, 1, 0, -1, 0, 1, 0, -1
-1, -1, 1, 1, 0, 1, -1, -1, 0, -1, 1, -1, 0, -1, 0, 0, 0, -1, 0, -1, 0, 0, -1, 0, 0, -1, -1, 1, 1, 0
-1, 1, 1, 0, 1, 1, 1, 0, 0, 1, 1, -1, -1, 0, 0, 1, -1, 1, 0, 1, 0, -1, -1, -1, 1, 1, -1, -1, 0, -1
0, 0, -1, 1, 1, 1, 0, 1, 0, 0, 1, 1, 0, 1, 0, -1, -1, 1, 1, 1, -1, 0, 0, -1, 1, 1, 1, 1, 0, -1
1, 1, -1, 0, -1, 0, -1, -1, 0, 0, 0, 0, 0, 1, -1, 1, 1, -1, 0, 1, 0, -1, -1, 1, -1, -1, 1, -1, -1, -1
-1, 1, -1, -1, 1, -1, 1, -1, 1, -1, 1, 1, -1, 0, -1, 0, 1, 1, 1, -1, -1, 0, -1, 1, 0, 0, 0, -1, -1, -1
0, 1, -1, -1, 0, 1, 0, -1, 1, -1, 1, 0, 0, 0, 1, 1, 1, 1, 0, 0, -1, -1, -1, 1, -1, 1, 0, -1, 1, -1
0, 0, 1, 0, 1, -1, 1, -1, 1, 0, -1, 1, 1, 1, 0, 0, 1, 1, 1, 1, 0, 0, 1, 1, -1, 0, 1, 0, -1, 0
-1, -1, -1, 1, 0, -1, 1, -1, 0, 1, 1, 1, 1, 1, 0, 0, -1, 0, 0, 0, 1, 1, 0, -1, 0, 1, 1, -1, 0, -1
0, 0, 1, 0, 0, 1, 0, -1, -1, -1, 1, 1, -1, 1, 1, 0, 1, 1, -1, 0, -1, -1, 1, 0, 1, 0, 1, -1, -1, 1
0, 0, 0, -1, 0, 0, -1, 0, 0, 0, 1, -1, 0, 0, 1, -1, 0, 0, 0, -1, -1, 1, -1, 1, -1, -1, 0, -1, 1, -1
-1, 0, -1, -1, 0, -1, 0, 1, 0, -1, 0, 0, 0, 0, 1, -1, 1, 0, 0, 0, 1, -1, 0, 1, 1, 1, 0, 0, -1, -1
-1, 1, 1, -1, -1, 0, 1, -1, 1, 1, 1, 0, 1, 0, 0, 1, -1, 0, -1, 1, 0, 1, 0, -1, -1, -1, -1, -1, 0, 1
0, 1, 1, -1, 1, 0, 0, 0, -1, -1, -1, 0, 1, 1, 1, -1, -1, 1, 0, -1, 0, -1, 0, -1, 1, 0, 0, 0, 1, -1
0, 1, 0, 1, -1, 1, 1, 1, 1, -1, -1, 1, -1, 1, 0, 1, 1, 1, -1, -1, 1, -1, 1, 0, 0, 0, -1, 0, -1, -1
1, 1, 0, 1, 1, 0, -1, 1, 0, 1, -1, 0, -1, -1, -1, 0, 1, 0, 1, 1, 1, 1, 0, 1, 0, 0, -1, 1, 0, 1
1, 0, 0, 0, -1, -1, 0, 0, 1, -1, 1, 1, -1, 0, 1, 0, 1, 0, 0, 1, 1, 1, 1, 0, 0, -1, 0, 0, 0, 0
0, -1, 0, 1, -1, 1, 1, 1, -1, 1, -1, 0, 0, 1, -1, 1, 0, -1, -1, -1, 1, 0, 0, 0, -1, -1, 1, -1, 1, 1
0, -1, 1, 0, 0, 1, 0, 0, -1, 1, 0, 1, 0, 0, 1, -1, -1, -1, 0, 1, 0, 0, 0, -1, 1, 1, 0, -1, 1, -1
15
1, 12, 5
2, 6, 3
5, 1, 1
3, 6, 5
9, 4, 14
9, 2, 8
6, 12, 34
9, 11, 30
4, 1, 1
7, 12, 33
2, 6, 5
1, 14, 6
10, 5, 15
10, 13, 34
10, 3, 9
