20
30
-40, 5, 89, 28, 92, 100, -31, -5, 84, -31, -50, 28, 91, -32, 94, -80, 7, -34, -63, 90, 90, -27, -89, 72, -33, 3, 98, -15, 7, -52
8, 77, -33, -29, 95, -20, 90, 91, 45, 48, -68, -82, 44, -67, -8, -9, 67, 93, 3, 90, -82, -77, -33, -99, 38, 87, -7, -83, -39, -11
-98, 84, 88, 36, 62, -26, -39, 19, -27, 14, -70, 16, 21, -10, 57, 72, 29, 79, -21, 76, 37, -95, 83, 18, -71, -16, 9, -35, 34, -93
87, 72, 30, -44, 46, -52, -70, -92, -29, -82, -70, -53, 19, 90, 59, 2, 3, 78, -56, 66, -43, 15, 38, -14, 52, 98, -99, -30, 6, -23
65, 96, 86, -35, 27, -42, 87, -35, 45, 9, 42, 21, 7, -39, 46, -11, -14, 94, 60, 28, 82, 32, -80, 69, 51, -28, -67, -56, 4, 48
-53, 61, 3, 95, -47, -66, -38, -46, -38, 0, 16, -63, -68, 36, -76, 37, -93, -23, 41, -37, 11, -93, 11, 79, -4, -67, 76, -84, 15, -46
-75, 43, 62, 97, -39, 82, -83, 13, -93, 11, -73, -68, 31, -41, -89, 44, -1, -16, 44, -87, -35, 57, 4, -59, -63, -60, -50, 25, -2, -80
-41, -55, 39, -93, -25, 73, -24, -64, -25, -58, 20, -6, -30, -71, -65, -21, -24, -49, 67, 52, 34, -9, -27, 1, 90, -32, -61, 21, 60, -79
32, -7, -86, 87, -48, 82, -7, 23, 85, -61, -32, -37, -91, 1, -6, 71, -13, -26, -95, 59, 64, 99, 58, 47, -14, 68, 73, -63, -82, -94
34, 56, -23, -46, 11, -74, -21, -17, 78, -46, 86, 53, -34, 28, -17, -29, -18, 72, -93, -82, 82, 65, 15, -99, -43, 33, 35, -32, 0, -16
-91, -44, 5, 78, 5, 13, 87, 55, 91, -33, -9, -96, -3, 52, 73, -90, 33, -70, -37, -85, -14, -99, -70, 100, -75, 69, -60, -24, 98, 79
-9, -90, 83, -7, -55, 30, -52, -11, -78, 71, -15, 27, 82, 41, 27, 78, -32, 64, -72, -54, -100, 5, -95, -15, 98, -93, -74, 6, 53, 36
-27, 11, 58, -89, 76, -19, -79, -97, 7, -57, 63, -57, -93, -7, 31, 59, -80, -10, -28, -52, 1, -24, -53, 51, 79, 87, -95, -3, -4, -63
4, 43, 36, -13, -3, 75, 70, 70, 65, -54, 56, -36, -43, 85, -17, 57, -3, 13, 55, -62, 88, 37, -67, 4, -66, 97, -37, -93, -67, 89
-25, 25, 8, -30, 40, -80, 8, 21, 96, 57, 90, -50, 25, -75, -7, -64, -81, -38, -33, -78, -10, -7, 43, -43, -51, 68, 9, -68, -48, 1
11, 63, 37, 76, 72, -70, 57, 88, -55, -37, -51, 76, 17, 99, -52, 38, -89, -93, -89, 98, 78, -100, 40, -89, -1, 83, 82, -50, -80, 73
12, -24, -31, -5, -55, -73, 14, 50, -46, -38, -20, -69, -83, -96, 73, 14, 76, 45, -92, 11, 56, 2, -80, -46, 23, 11, -78, 26, -23, 89
-51, 6, 67, -28, 52, 74, 7, -78, 53, -79, -76, -38, 54, 49, 18, 46, 83, 36, -62, 85, -93, -63, -58, 10, -84, -90, -45, -86, 72, 34
-96, 88, -28, -34, -87, 74, -35, 45, -48, 100, -93, 54, 92, 88, -13, -6, 49, -29, 36, 78, 28, -13, -12, -7, 82, -88, -36, -43, -44, 42
18, -8, -50, -82, -84, -64, 90, -13, 36, 44, -19, -63, -17, -62, 77, -46, -55, -45, -78, 23, -38, 84, -22, 95, -94, 18, 0, 80, -16, -99
15
6, 1, 216
6, 7, 1657
6, 13, 3616
3, 8, 782
7, 15, 3895
5, 1, 156
6, 10, 2751
1, 3, 124
4, 11, 1173
3, 1, 111
7, 1, 177
7, 3, 717
8, 13, 4627
4, 12, 1632
5, 13, 1776
