50
50
12, 35, 1, 7, 70, 66, 86, 52, 55, 18, 43, 20, 68, 17, 5, 23, 43, 61, 85, 25, 35, 16, 71, 3, 100, 57, 11, 63, 2, 53, 17, 83, 82, 68, 76, 85, 74, 4, 25, 40, 22, 42, 38, 38, 60, 21, 81, 23, 3, 29
4, 9, 2, 35, 19, 97, 65, 98, 8, 14, 56, 24, 50, 3, 1, 60, 38, 1, 42, 21, 49, 40, 37, 46, 4, 93, 78, 34, 44, 79, 76, 89, 60, 73, 49, 9, 82, 47, 49, 79, 21, 76, 97, 12, 85, 99, 93, 36, 37, 100
83, 80, 81, 83, 80, 64, 72, 57, 32, 27, 20, 31, 55, 29, 38, 68, 64, 77, 54, 93, 79, 91, 53, 64, 100, 74, 44, 26, 61, 6, 100, 42, 98, 45, 97, 96, 8, 77, 94, 85, 37, 25, 16, 22, 60, 91, 22, 68, 74, 18
35, 16, 83, 44, 21, 92, 28, 17, 84, 7, 21, 47, 96, 27, 27, 78, 34, 11, 33, 43, 60, 87, 84, 69, 57, 55, 76, 31, 5, 10, 53, 76, 52, 44, 71, 84, 60, 54, 24, 5, 68, 92, 94, 87, 65, 90, 30, 90, 96, 82
57, 12, 36, 31, 59, 48, 33, 14, 87, 67, 17, 98, 13, 75, 55, 46, 95, 53, 56, 43, 19, 80, 87, 28, 75, 68, 94, 98, 5, 67, 26, 87, 36, 23, 53, 41, 41, 21, 85, 23, 52, 46, 68, 57, 89, 71, 79, 20, 33, 19
95, 77, 34, 53, 64, 78, 25, 8, 56, 91, 55, 36, 10, 21, 42, 31, 63, 90, 22, 14, 5, 74, 68, 33, 91, 73, 13, 31, 40, 5, 90, 74, 65, 86, 73, 49, 53, 83, 60, 75, 17, 33, 66, 95, 69, 17, 37, 48, 16, 59
9, 90, 98, 19, 14, 21, 9, 2, 62, 91, 66, 95, 68, 52, 2, 81, 71, 24, 48, 94, 78, 80, 30, 48, 97, 73, 9, 74, 65, 75, 37, 66, 16, 82, 97, 100, 77, 46, 72, 52, 40, 52, 22, 70, 9, 23, 66, 14, 94, 88
47, 13, 100, 22, 81, 29, 60, 51, 23, 42, 12, 36, 38, 88, 55, 1, 80, 86, 55, 2, 5, 25, 52, 97, 54, 27, 59, 61, 39, 75, 8, 95, 81, 77, 29, 24, 66, 94, 2, 68, 41, 27, 24, 31, 40, 5, 15, 35, 16, 9
44, 80, 60, 92, 84, 22, 62, 3, 69, 55, 71, 100, 12, 48, 35, 17, 55, 61, 59, 32, 35, 86, 85, 87, 61, 78, 1, 22, 58, 49, 12, 25, 46, 31, 32, 28, 36, 89, 93, 7, 62, 64, 25, 48, 98, 42, 15, 77, 96, 23
51, 54, 76, 85, 74, 58, 95, 73, 32, 6, 21, 40, 46, 21, 43, 46, 54, 82, 17, 8, 82, 67, 69, 53, 70, 72, 62, 38, 89, 20, 64, 25, 27, 35, 99, 59, 50, 62, 57, 74, 33, 64, 58, 87, 87, 23, 19, 5, 5, 52
88, 34, 60, 89, 42, 84, 86, 24, 16, 3, 97, 58, 84, 12, 43, 96, 14, 11, 23, 84, 97, 93, 25, 44, 75, 18, 9, 82, 67, 47, 54, 58, 33, 38, 33, 30, 66, 38, 94, 15, 74, 27, 47, 55, 78, 76, 80, 47, 45, 91
9, 8, 82, 21, 56, 95, 10, 17, 15, 24, 76, 5, 57, 69, 50, 40, 25, 47, 79, 14, 31, 77, 18, 9, 11, 71, 47, 70, 67, 100, 39, 63, 37, 76, 39, 46, 76, 13, 82, 39, 21, 50, 24, 71, 40, 69, 70, 79, 6, 38
51, 34, 68, 32, 60, 33, 91, 74, 11, 85, 48, 40, 50, 15, 86, 13, 68, 82, 30, 4, 64, 13, 65, 41, 93, 82, 53, 47, 69, 42, 2, 69, 65, 29, 50, 5, 96, 6, 16, 7, 56, 2, 2, 98, 91, 81, 100, 9, 85, 27
2, 88, 49, 2, 75, 38, 69, 27, 39, 79, 80, 44, 5, 69, 83, 80, 75, 22, 66, 81, 17, 63, 66, 24, 48, 62, 11, 67, 51, 13, 82, 45, 62, 42, 41, 14, 21, 64, 54, 12, 36, 70, 68, 37, 28, 13, 97, 34, 16, 12
7, 78, 44, 5, 11, 40, 23, 26, 54, 13, 27, 3, 76, 27, 98, 36, 82, 64, 29, 69, 60, 12, 68, 55, 45, 47, 95, 29, 97, 36, 66, 78, 52, 40, 7, 5, 2, 58, 32, 1, 92, 95, 10, 42, 85, 34, 95, 42, 40, 92
32, 34, 6, 47, 52, 95, 10, 89, 60, 64, 45, 94, 30, 18, 48, 50, 51, 36, 20, 93, 35, 24, 32, 28, 78, 65, 2, 27, 70, 12, 53, 54, 89, 5, 5, 32, 72, 6, 88, 12, 95, 13, 99, 68, 57, 98, 66, 92, 95, 35
84, 59, 22, 47, 58, 8, 3, 79, 69, 88, 93, 84, 20, 48, 12, 91, 5, 25, 14, 16, 79, 45, 49, 9, 99, 23, 26, 65, 71, 80, 99, 11, 32, 35, 29, 94, 33, 43, 47, 98, 30, 94, 37, 1, 19, 12, 93, 51, 56, 66
93, 41, 79, 79, 57, 39, 11, 13, 49, 36, 82, 38, 8, 89, 89, 83, 52, 86, 20, 18, 58, 63, 78, 17, 87, 86, 8, 48, 91, 88, 30, 76, 9, 6, 88, 58, 32, 53, 78, 91, 84, 20, 94, 12, 16, 92, 86, 48, 12, 36
60, 8, 31, 39, 8, 30, 64, 63, 93, 72, 31, 63, 23, 62, 6, 7, 30, 3, 2, 31, 51, 100, 8, 30, 35, 38, 69, 67, 1, 95, 100, 60, 37, 55, 29, 23, 45, 71, 98, 58, 95, 70, 61, 7, 60, 22, 98, 33, 7, 9
63, 83, 47, 81, 85, 61, 100, 2, 5, 70, 62, 98, 62, 98, 72, 71, 26, 69, 33, 84, 63, 60, 6, 45, 36, 81, 39, 2, 70, 14, 41, 36, 60, 92, 33, 17, 14, 56, 70, 68, 23, 43, 66, 28, 97, 98, 9, 63, 35, 90
96, 30, 100, 24, 47, 4, 78, 3, 46, 4, 22, 99, 32, 92, 30, 26, 38, 70, 66, 55, 57, 71, 99, 66, 61, 20, 94, 79, 49, 39, 73, 77, 67, 81, 18, 12, 37, 37, 46, 30, 40, 12, 11, 66, 47, 24, 12, 75, 98, 71
61, 40, 98, 80, 33, 25, 31, 35, 63, 28, 10, 100, 55, 7, 32, 46, 33, 52, 74, 19, 90, 1, 24, 37, 16, 46, 60, 33, 19, 37, 9, 19, 81, 78, 78, 33, 79, 87, 48, 94, 81, 2, 75, 18, 20, 41, 58, 4, 35, 2
92, 60, 2, 80, 82, 61, 16, 62, 65, 87, 65, 98, 17, 26, 20, 92, 19, 77, 30, 99, 67, 46, 5, 81, 38, 89, 26, 7, 17, 76, 89, 57, 99, 18, 46, 49, 18, 1, 97, 18, 18, 18, 23, 61, 29, 83, 85, 49, 99, 29
22, 81, 75, 36, 35, 47, 56, 22, 43, 94, 35, 10, 45, 89, 99, 9, 100, 99, 81, 71, 75, 19, 81, 12, 82, 49, 23, 44, 52, 55, 4, 78, 8, 89, 55, 8, 82, 64, 83, 100, 94, 96, 58, 3, 84, 9, 74, 35, 63, 20
84, 87, 69, 29, 55, 3, 100, 63, 54, 86, 24, 12, 70, 88, 91, 58, 2, 57, 35, 91, 27, 36, 16, 81, 77, 79, 61, 78, 29, 74, 76, 89, 82, 32, 72, 17, 9, 80, 35, 52, 9, 19, 10, 98, 76, 83, 27, 71, 13, 27
7, 17, 100, 72, 94, 48, 71, 89, 52, 76, 42, 23, 35, 81, 10, 36, 31, 38, 17, 74, 49, 23, 23, 83, 83, 9, 27, 19, 5, 95, 53, 91, 66, 3, 67, 60, 89, 11, 39, 24, 47, 21, 28, 59, 10, 86, 85, 29, 88, 41
52, 89, 55, 40, 78, 84, 95, 18, 89, 85, 22, 52, 84, 58, 24, 52, 57, 33, 14, 51, 47, 21, 100, 93, 27, 29, 96, 65, 73, 97, 24, 98, 31, 64, 43, 65, 37, 26, 25, 84, 65, 72, 22, 54, 3, 96, 37, 71, 35, 59
29, 53, 16, 38, 95, 32, 89, 62, 14, 49, 88, 31, 45, 92, 62, 25, 21, 20, 15, 60, 16, 32, 8, 31, 86, 76, 99, 46, 90, 32, 93, 26, 30, 15, 68, 72, 82, 94, 70, 12, 76, 75, 13, 77, 97, 35, 27, 30, 93, 79
75, 17, 56, 76, 43, 98, 46, 86, 52, 19, 34, 44, 73, 82, 57, 63, 2, 30, 25, 90, 43, 27, 51, 4, 84, 42, 19, 31, 34, 52, 49, 69, 53, 12, 57, 76, 70, 54, 73, 71, 27, 97, 42, 51, 78, 32, 3, 31, 20, 35
34, 98, 6, 3, 36, 48, 67, 53, 92, 2, 79, 15, 52, 1, 71, 65, 91, 61, 26, 81, 93, 48, 58, 54, 64, 46, 86, 100, 26, 53, 39, 89, 11, 100, 18, 52, 64, 51, 76, 9, 10, 18, 62, 71, 92, 12, 46, 42, 81, 14
41, 43, 6, 40, 42, 86, 40, 52, 40, 91, 63, 67, 27, 40, 63, 91, 4, 52, 83, 20, 1, 41, 85, 17, 71, 75, 86, 87, 63, 52, 100, 44, 19, 12, 12, 97, 83, 72, 58, 33, 12, 12, 12, 86, 47, 43, 91, 23, 9, 1
9, 95, 59, 62, 13, 1, 58, 90, 69, 68, 1, 54, 90, 88, 91, 20, 49, 15, 29, 66, 9, 33, 94, 51, 8, 90, 30, 100, 71, 28, 84, 64, 79, 62, 44, 6, 86, 57, 99, 11, 40, 94, 3, 91, 32, 59, 23, 24, 95, 28
95, 76, 95, 43, 93, 77, 1, 8, 55, 24, 72, 59, 19, 41, 84, 37, 75, 28, 45, 86, 34, 92, 17, 18, 27, 15, 30, 4, 19, 50, 67, 6, 5, 44, 34, 8, 70, 37, 70, 67, 5, 78, 3, 76, 40, 81, 75, 62, 7, 95
84, 95, 80, 10, 94, 4, 60, 77, 16, 78, 48, 98, 89, 5, 57, 66, 55, 76, 8, 76, 68, 38, 59, 78, 81, 57, 89, 41, 78, 46, 41, 68, 97, 24, 66, 73, 27, 95, 50, 31, 49, 93, 21, 92, 20, 8, 89, 98, 19, 74
27, 99, 55, 32, 28, 46, 37, 2, 30, 37, 15, 19, 100, 70, 38, 80, 2, 66, 40, 85, 40, 60, 26, 78, 28, 76, 18, 67, 59, 73, 69, 91, 23, 4, 20, 42, 14, 66, 97, 20, 37, 25, 66, 14, 17, 30, 94, 52, 55, 41
7, 24, 59, 34, 35, 68, 74, 78, 4, 52, 29, 70, 44, 57, 69, 24, 97, 96, 51, 96, 67, 36, 69, 20, 49, 15, 95, 13, 62, 99, 83, 67, 13, 19, 67, 45, 33, 89, 70, 52, 68, 37, 63, 46, 91, 67, 82, 9, 45, 93
33, 98, 1, 59, 74, 71, 56, 39, 86, 20, 73, 61, 16, 5, 70, 63, 58, 26, 91, 24, 91, 8, 27, 99, 28, 31, 74, 23, 30, 83, 34, 86, 69, 69, 67, 85, 66, 54, 45, 97, 90, 94, 4, 50, 79, 8, 21, 58, 77, 28
10, 57, 19, 21, 2, 26, 72, 2, 31, 44, 97, 33, 10, 3, 86, 88, 93, 48, 39, 85, 97, 4, 81, 95, 35, 98, 4, 77, 20, 21, 10, 17, 47, 2, 73, 78, 67, 48, 67, 41, 13, 65, 24, 2, 100, 58, 85, 1, 64, 92
15, 73, 20, 92, 32, 7, 76, 25, 87, 5, 22, 96, 82, 10, 34, 81, 86, 9, 31, 9, 21, 46, 81, 98, 72, 33, 80, 80, 95, 77, 13, 3, 13, 29, 7, 38, 97, 56, 71, 67, 2, 43, 62, 62, 20, 18, 83, 14, 68, 19
73, 76, 71, 56, 72, 70, 93, 22, 20, 99, 27, 97, 30, 10, 92, 19, 83, 54, 4, 97, 84, 30, 39, 64, 7, 78, 84, 19, 79, 55, 51, 66, 12, 77, 5, 37, 32, 58, 57, 38, 45, 76, 36, 72, 40, 6, 13, 53, 71, 1
35, 30, 11, 72, 35, 43, 38, 7, 49, 94, 86, 74, 44, 65, 49, 61, 85, 54, 5, 55, 88, 26, 97, 67, 52, 9, 95, 67, 24, 2, 66, 32, 49, 78, 21, 22, 56, 41, 43, 63, 100, 26, 9, 64, 52, 72, 32, 71, 24, 80
22, 60, 48, 16, 14, 9, 33, 45, 20, 27, 49, 72, 83, 48, 29, 55, 25, 66, 45, 28, 6, 44, 11, 43, 56, 63, 17, 34, 16, 81, 77, 24, 43, 45, 81, 6, 84, 34, 65, 12, 89, 12, 22, 17, 14, 28, 43, 62, 36, 97
47, 66, 27, 97, 75, 78, 49, 5, 60, 52, 92, 100, 30, 39, 50, 26, 29, 39, 67, 23, 71, 92, 2, 33, 39, 95, 23, 95, 29, 29, 20, 56, 98, 19, 35, 11, 97, 47, 71, 3, 57, 80, 75, 13, 20, 90, 82, 83, 67, 89
100, 4, 95, 13, 27, 56, 64, 94, 58, 81, 55, 55, 76, 32, 32, 37, 2, 11, 5, 39, 29, 83, 69, 64, 67, 92, 17, 90, 14, 50, 13, 41, 29, 41, 29, 17, 61, 86, 93, 79, 47, 4, 89, 91, 49, 3, 4, 44, 82, 84
89, 71, 78, 28, 61, 17, 36, 32, 47, 35, 39, 75, 81, 9, 68, 15, 26, 36, 3, 16, 77, 16, 19, 26, 93, 26, 94, 78, 16, 64, 88, 74, 8, 31, 62, 42, 63, 1, 81, 12, 81, 30, 40, 58, 40, 72, 24, 81, 23, 34
77, 69, 41, 67, 7, 73, 53, 52, 36, 36, 24, 58, 16, 83, 48, 66, 68, 51, 48, 27, 53, 26, 56, 91, 35, 48, 77, 62, 87, 21, 3, 14, 56, 83, 88, 20, 33, 42, 24, 90, 90, 11, 65, 46, 89, 23, 14, 57, 11, 75
5, 73, 33, 96, 82, 51, 13, 51, 32, 60, 96, 91, 66, 16, 33, 11, 3, 34, 96, 28, 33, 26, 27, 59, 38, 42, 62, 11, 2, 13, 34, 21, 52, 12, 16, 30, 81, 60, 1, 37, 7, 83, 11, 65, 94, 99, 45, 49, 13, 79
21, 81, 61, 83, 42, 80, 47, 75, 59, 40, 90, 3, 49, 20, 26, 75, 40, 55, 1, 4, 30, 43, 33, 60, 21, 51, 16, 63, 65, 40, 97, 13, 99, 24, 92, 54, 60, 70, 70, 37, 83, 7, 2, 62, 47, 5, 34, 92, 39, 20
59, 91, 49, 9, 49, 78, 49, 2, 62, 92, 64, 84, 10, 20, 43, 78, 5, 25, 28, 73, 15, 71, 85, 64, 21, 24, 41, 71, 13, 17, 17, 25, 25, 46, 81, 7, 64, 91, 75, 14, 6, 59, 8, 79, 73, 100, 97, 83, 20, 69
1, 10, 65, 66, 5, 89, 6, 86, 88, 26, 38, 78, 89, 45, 75, 40, 60, 65, 40, 37, 15, 15, 50, 14, 68, 57, 63, 7, 92, 22, 28, 59, 52, 45, 17, 8, 60, 59, 42, 92, 1, 79, 3, 50, 77, 28, 70, 64, 4, 33
20
10, 8, 2861
21, 14, 13697
15, 13, 9638
12, 7, 4183
24, 17, 20203
20, 7, 5048
8, 17, 6116
1, 6, 220
9, 10, 2508
1, 10, 349
22, 25, 14140
15, 21, 15407
4, 18, 3423
8, 13, 2834
16, 24, 15947
1, 22, 751
13, 25, 8314
7, 9, 2154
14, 10, 3790
24, 12, 8500
