60
80
19, 19, 19, 19, 19, 19, 19, 19, 19, 19, 11, 11, 11, 11, 11, 11, 11, 11, 11, 11, 7, 7, 7, 7, 7, 7, 7, 7, 7, 7, 2, 2, 2, 2, 2, 2, 2, 2, 2, 2, 6, 6, 6, 6, 6, 6, 6, 6, 6, 6, 18, 18, 18, 18, 18, 18, 18, 18, 18, 18, 15, 15, 15, 15, 15, 15, 15, 15, 15, 15, 14, 14, 14, 14, 14, 14, 14, 14, 14, 14
19, 19, 19, 19, 19, 19, 19, 19, 19, 19, 11, 11, 11, 11, 11, 11, 11, 11, 11, 11, 7, 7, 7, 7, 7, 7, 7, 7, 7, 7, 2, 2, 2, 2, 2, 2, 2, 2, 2, 2, 6, 6, 6, 6, 6, 6, 6, 6, 6, 6, 18, 18, 18, 18, 18, 18, 18, 18, 18, 18, 15, 15, 15, 15, 15, 15, 15, 15, 15, 15, 14, 14, 14, 14, 14, 14, 14, 14, 14, 14
19, 19, 19, 19, 19, 19, 19, 19, 19, 19, 11, 11, 11, 11, 11, 11, 11, 11, 11, 11, 7, 7, 7, 7, 7, 7, 7, 7, 7, 7, 2, 2, 2, 2, 2, 2, 2, 2, 2, 2, 6, 6, 6, 6, 6, 6, 6, 6, 6, 6, 18, 18, 18, 18, 18, 18, 18, 18, 18, 18, 15, 15, 15, 15, 15, 15, 15, 15, 15, 15, 14, 14, 14, 14, 14, 14, 14, 14, 14, 14
19, 19, 19, 19, 19, 19, 19, 19, 19, 19, 11, 11, 11, 11, 11, 11, 11, 11, 11, 11, 7, 7, 7, 7, 7, 7, 7, 7, 7, 7, 2, 2, 2, 2, 2, 2, 2, 2, 2, 2, 6, 6, 6, 6, 6, 6, 6, 6, 6, 6, 18, 18, 18, 18, 18, 18, 18, 18, 18, 18, 15, 15, 15, 15, 15, 15, 15, 15, 15, 15, 14, 14, 14, 14, 14, 14, 14, 14, 14, 14
19, 19, 19, 19, 19, 19, 19, 19, 19, 19, 11, 11, 11, 11, 11, 11, 11, 11, 11, 11, 7, 7, 7, 7, 7, 7, 7, 7, 7, 7, 2, 2, 2, 2, 2, 2, 2, 2, 2, 2, 6, 6, 6, 6, 6, 6, 6, 6, 6, 6, 18, 18, 18, 18, 18, 18, 18, 18, 18, 18, 15, 15, 15, 15, 15, 15, 15, 15, 15, 15, 14, 14, 14, 14, 14, 14, 14, 14, 14, 14
19, 19, 19, 19, 19, 19, 19, 19, 19, 19, 11, 11, 11, 11, 11, 11, 11, 11, 11, 11, 7, 7, 7, 7, 7, 7, 7, 7, 7, 7, 2, 2, 2, 2, 2, 2, 2, 2, 2, 2, 6, 6, 6, 6, 6, 6, 6, 6, 6, 6, 18, 18, 18, 18, 18, 18, 18, 18, 18, 18, 15, 15, 15, 15, 15, 15, 15, 15, 15, 15, 14, 14, 14, 14, 14, 14, 14, 14, 14, 14
19, 19, 19, 19, 19, 19, 19, 19, 19, 19, 11, 11, 11, 11, 11, 11, 11, 11, 11, 11, 7, 7, 7, 7, 7, 7, 7, 7, 7, 7, 2, 2, 2, 2, 2, 2, 2, 2, 2, 2, 6, 6, 6, 6, 6, 6, 6, 6, 6, 6, 18, 18, 18, 18, 18, 18, 18, 18, 18, 18, 15, 15, 15, 15, 15, 15, 15, 15, 15, 15, 14, 14, 14, 14, 14, 14, 14, 14, 14, 14
19, 19, 19, 19, 19, 19, 19, 19, 19, 19, 11, 11, 11, 11, 11, 11, 11, 11, 11, 11, 7, 7, 7, 7, 7, 7, 7, 7, 7, 7, 2, 2, 2, 2, 2, 2, 2, 2, 2, 2, 6, 6, 6, 6, 6, 6, 6, 6, 6, 6, 18, 18, 18, 18, 18, 18, 18, 18, 18, 18, 15, 15, 15, 15, 15, 15, 15, 15, 15, 15, 14, 14, 14, 14, 14, 14, 14, 14, 14, 14
19, 19, 19, 19, 19, 19, 19, 19, 19, 19, 11, 11, 11, 11, 11, 11, 11, 11, 11, 11, 7, 7, 7, 7, 7, 7, 7, 7, 7, 7, 2, 2, 2, 2, 2, 2, 2, 2, 2, 2, 6, 6, 6, 6, 6, 6, 6, 6, 6, 6, 18, 18, 18, 18, 18, 18, 18, 18, 18, 18, 15, 15, 15, 15, 15, 15, 15, 15, 15, 15, 14, 14, 14, 14, 14, 14, 14, 14, 14, 14
19, 19, 19, 19, 19, 19, 19, 19, 19, 19, 11, 11, 11, 11, 11, 11, 11, 11, 11, 11, 7, 7, 7, 7, 7, 7, 7, 7, 7, 7, 2, 2, 2, 2, 2, 2, 2, 2, 2, 2, 6, 6, 6, 6, 6, 6, 6, 6, 6, 6, 18, 18, 18, 18, 18, 18, 18, 18, 18, 18, 15, 15, 15, 15, 15, 15, 15, 15, 15, 15, 14, 14, 14, 14, 14, 14, 14, 14, 14, 14
2, 2, 2, 2, 2, 2, 2, 2, 2, 2, 13, 13, 13, 13, 13, 13, 13, 13, 13, 13, 4, 4, 4, 4, 4, 4, 4, 4, 4, 4, 14, 14, 14, 14, 14, 14, 14, 14, 14, 14, 18, 18, 18, 18, 18, 18, 18, 18, 18, 18, 14, 14, 14, 14, 14, 14, 14, 14, 14, 14, 16, 16, 16, 16, 16, 16, 16, 16, 16, 16, 20, 20, 20, 20, 20, 20, 20, 20, 20, 20
2, 2, 2, 2, 2, 2, 2, 2, 2, 2, 13, 13, 13, 13, 13, 13, 13, 13, 13, 13, 4, 4, 4, 4, 4, 4, 4, 4, 4, 4, 14, 14, 14, 14, 14, 14, 14, 14, 14, 14, 18, 18, 18, 18, 18, 18, 18, 18, 18, 18, 14, 14, 14, 14, 14, 14, 14, 14, 14, 14, 16, 16, 16, 16, 16, 16, 16, 16, 16, 16, 20, 20, 20, 20, 20, 20, 20, 20, 20, 20
2, 2, 2, 2, 2, 2, 2, 2, 2, 2, 13, 13, 13, 13, 13, 13, 13, 13, 13, 13, 4, 4, 4, 4, 4, 4, 4, 4, 4, 4, 14, 14, 14, 14, 14, 14, 14, 14, 14, 14, 18, 18, 18, 18, 18, 18, 18, 18, 18, 18, 14, 14, 14, 14, 14, 14, 14, 14, 14, 14, 16, 16, 16, 16, 16, 16, 16, 16, 16, 16, 20, 20, 20, 20, 20, 20, 20, 20, 20, 20
2, 2, 2, 2, 2, 2, 2, 2, 2, 2, 13, 13, 13, 13, 13, 13, 13, 13, 13, 13, 4, 4, 4, 4, 4, 4, 4, 4, 4, 4, 14, 14, 14, 14, 14, 14, 14, 14, 14, 14, 18, 18, 18, 18, 18, 18, 18, 18, 18, 18, 14, 14, 14, 14, 14, 14, 14, 14, 14, 14, 16, 16, 16, 16, 16, 16, 16, 16, 16, 16, 20, 20, 20, 20, 20, 20, 20, 20, 20, 20
2, 2, 2, 2, 2, 2, 2, 2, 2, 2, 13, 13, 13, 13, 13, 13, 13, 13, 13, 13, 4, 4, 4, 4, 4, 4, 4, 4, 4, 4, 14, 14, 14, 14, 14, 14, 14, 14, 14, 14, 18, 18, 18, 18, 18, 18, 18, 18, 18, 18, 14, 14, 14, 14, 14, 14, 14, 14, 14, 14, 16, 16, 16, 16, 16, 16, 16, 16, 16, 16, 20, 20, 20, 20, 20, 20, 20, 20, 20, 20
2, 2, 2, 2, 2, 2, 2, 2, 2, 2, 13, 13, 13, 13, 13, 13, 13, 13, 13, 13, 4, 4, 4, 4, 4, 4, 4, 4, 4, 4, 14, 14, 14, 14, 14, 14, 14, 14, 14, 14, 18, 18, 18, 18, 18, 18, 18, 18, 18, 18, 14, 14, 14, 14, 14, 14, 14, 14, 14, 14, 16, 16, 16, 16, 16, 16, 16, 16, 16, 16, 20, 20, 20, 20, 20, 20, 20, 20, 20, 20
2, 2, 2, 2, 2, 2, 2, 2, 2, 2, 13, 13, 13, 13, 13, 13, 13, 13, 13, 13, 4, 4, 4, 4, 4, 4, 4, 4, 4, 4, 14, 14, 14, 14, 14, 14, 14, 14, 14, 14, 18, 18, 18, 18, 18, 18, 18, 18, 18, 18, 14, 14, 14, 14, 14, 14, 14, 14, 14, 14, 16, 16, 16, 16, 16, 16, 16, 16, 16, 16, 20, 20, 20, 20, 20, 20, 20, 20, 20, 20
2, 2, 2, 2, 2, 2, 2, 2, 2, 2, 13, 13, 13, 13, 13, 13, 13, 13, 13, 13, 4, 4, 4, 4, 4, 4, 4, 4, 4, 4, 14, 14, 14, 14, 14, 14, 14, 14, 14, 14, 18, 18, 18, 18, 18, 18, 18, 18, 18, 18, 14, 14, 14, 14, 14, 14, 14, 14, 14, 14, 16, 16, 16, 16, 16, 16, 16, 16, 16, 16, 20, 20, 20, 20, 20, 20, 20, 20, 20, 20
2, 2, 2, 2, 2, 2, 2, 2, 2, 2, 13, 13, 13, 13, 13, 13, 13, 13, 13, 13, 4, 4, 4, 4, 4, 4, 4, 4, 4, 4, 14, 14, 14, 14, 14, 14, 14, 14, 14, 14, 18, 18, 18, 18, 18, 18, 18, 18, 18, 18, 14, 14, 14, 14, 14, 14, 14, 14, 14, 14, 16, 16, 16, 16, 16, 16, 16, 16, 16, 16, 20, 20, 20, 20, 20, 20, 20, 20, 20, 20
2, 2, 2, 2, 2, 2, 2, 2, 2, 2, 13, 13, 13, 13, 13, 13, 13, 13, 13, 13, 4, 4, 4, 4, 4, 4, 4, 4, 4, 4, 14, 14, 14, 14, 14, 14, 14, 14, 14, 14, 18, 18, 18, 18, 18, 18, 18, 18, 18, 18, 14, 14, 14, 14, 14, 14, 14, 14, 14, 14, 16, 16, 16, 16, 16, 16, 16, 16, 16, 16, 20, 20, 20, 20, 20, 20, 20, 20, 20, 20
12, 12, 12, 12, 12, 12, 12, 12, 12, 12, 2, 2, 2, 2, 2, 2, 2, 2, 2, 2, 4, 4, 4, 4, 4, 4, 4, 4, 4, 4, 2, 2, 2, 2, 2, 2, 2, 2, 2, 2, 16, 16, 16, 16, 16, 16, 16, 16, 16, 16, 16, 16, 16, 16, 16, 16, 16, 16, 16, 16, 5, 5, 5, 5, 5, 5, 5, 5, 5, 5, 5, 5, 5, 5, 5, 5, 5, 5, 5, 5
12, 12, 12, 12, 12, 12, 12, 12, 12, 12, 2, 2, 2, 2, 2, 2, 2, 2, 2, 2, 4, 4, 4, 4, 4, 4, 4, 4, 4, 4, 2, 2, 2, 2, 2, 2, 2, 2, 2, 2, 16, 16, 16, 16, 16, 16, 16, 16, 16, 16, 16, 16, 16, 16, 16, 16, 16, 16, 16, 16, 5, 5, 5, 5, 5, 5, 5, 5, 5, 5, 5, 5, 5, 5, 5, 5, 5, 5, 5, 5
12, 12, 12, 12, 12, 12, 12, 12, 12, 12, 2, 2, 2, 2, 2, 2, 2, 2, 2, 2, 4, 4, 4, 4, 4, 4, 4, 4, 4, 4, 2, 2, 2, 2, 2, 2, 2, 2, 2, 2, 16, 16, 16, 16, 16, 16, 16, 16, 16, 16, 16, 16, 16, 16, 16, 16, 16, 16, 16, 16, 5, 5, 5, 5, 5, 5, 5, 5, 5, 5, 5, 5, 5, 5, 5, 5, 5, 5, 5, 5
12, 12, 12, 12, 12, 12, 12, 12, 12, 12, 2, 2, 2, 2, 2, 2, 2, 2, 2, 2, 4, 4, 4, 4, 4, 4, 4, 4, 4, 4, 2, 2, 2, 2, 2, 2, 2, 2, 2, 2, 16, 16, 16, 16, 16, 16, 16, 16, 16, 16, 16, 16, 16, 16, 16, 16, 16, 16, 16, 16, 5, 5, 5, 5, 5, 5, 5, 5, 5, 5, 5, 5, 5, 5, 5, 5, 5, 5, 5, 5
12, 12, 12, 12, 12, 12, 12, 12, 12, 12, 2, 2, 2, 2, 2, 2, 2, 2, 2, 2, 4, 4, 4, 4, 4, 4, 4, 4, 4, 4, 2, 2, 2, 2, 2, 2, 2, 2, 2, 2, 16, 16, 16, 16, 16, 16, 16, 16, 16, 16, 16, 16, 16, 16, 16, 16, 16, 16, 16, 16, 5, 5, 5, 5, 5, 5, 5, 5, 5, 5, 5, 5, 5, 5, 5, 5, 5, 5, 5, 5
12, 12, 12, 12, 12, 12, 12, 12, 12, 12, 2, 2, 2, 2, 2, 2, 2, 2, 2, 2, 4, 4, 4, 4, 4, 4, 4, 4, 4, 4, 2, 2, 2, 2, 2, 2, 2, 2, 2, 2, 16, 16, 16, 16, 16, 16, 16, 16, 16, 16, 16, 16, 16, 16, 16, 16, 16, 16, 16, 16, 5, 5, 5, 5, 5, 5, 5, 5, 5, 5, 5, 5, 5, 5, 5, 5, 5, 5, 5, 5
12, 12, 12, 12, 12, 12, 12, 12, 12, 12, 2, 2, 2, 2, 2, 2, 2, 2, 2, 2, 4, 4, 4, 4, 4, 4, 4, 4, 4, 4, 2, 2, 2, 2, 2, 2, 2, 2, 2, 2, 16, 16, 16, 16, 16, 16, 16, 16, 16, 16, 16, 16, 16, 16, 16, 16, 16, 16, 16, 16, 5, 5, 5, 5, 5, 5, 5, 5, 5, 5, 5, 5, 5, 5, 5, 5, 5, 5, 5, 5
12, 12, 12, 12, 12, 12, 12, 12, 12, 12, 2, 2, 2, 2, 2, 2, 2, 2, 2, 2, 4, 4, 4, 4, 4, 4, 4, 4, 4, 4, 2, 2, 2, 2, 2, 2, 2, 2, 2, 2, 16, 16, 16, 16, 16, 16, 16, 16, 16, 16, 16, 16, 16, 16, 16, 16, 16, 16, 16, 16, 5, 5, 5, 5, 5, 5, 5, 5, 5, 5, 5, 5, 5, 5, 5, 5, 5, 5, 5, 5
12, 12, 12, 12, 12, 12, 12, 12, 12, 12, 2, 2, 2, 2, 2, 2, 2, 2, 2, 2, 4, 4, 4, 4, 4, 4, 4, 4, 4, 4, 2, 2, 2, 2, 2, 2, 2, 2, 2, 2, 16, 16, 16, 16, 16, 16, 16, 16, 16, 16, 16, 16, 16, 16, 16, 16, 16, 16, 16, 16, 5, 5, 5, 5, 5, 5, 5, 5, 5, 5, 5, 5, 5, 5, 5, 5, 5, 5, 5, 5
12, 12, 12, 12, 12, 12, 12, 12, 12, 12, 2, 2, 2, 2, 2, 2, 2, 2, 2, 2, 4, 4, 4, 4, 4, 4, 4, 4, 4, 4, 2, 2, 2, 2, 2, 2, 2, 2, 2, 2, 16, 16, 16, 16, 16, 16, 16, 16, 16, 16, 16, 16, 16, 16, 16, 16, 16, 16, 16, 16, 5, 5, 5, 5, 5, 5, 5, 5, 5, 5, 5, 5, 5, 5, 5, 5, 5, 5, 5, 5
4, 4, 4, 4, 4, 4, 4, 4, 4, 4, 16, 16, 16, 16, 16, 16, 16, 16, 16, 16, 4, 4, 4, 4, 4, 4, 4, 4, 4, 4, 15, 15, 15, 15, 15, 15, 15, 15, 15, 15, 20, 20, 20, 20, 20, 20, 20, 20, 20, 20, 8, 8, 8, 8, 8, 8, 8, 8, 8, 8, 2, 2, 2, 2, 2, 2, 2, 2, 2, 2, 19, 19, 19, 19, 19, 19, 19, 19, 19, 19
4, 4, 4, 4, 4, 4, 4, 4, 4, 4, 16, 16, 16, 16, 16, 16, 16, 16, 16, 16, 4, 4, 4, 4, 4, 4, 4, 4, 4, 4, 15, 15, 15, 15, 15, 15, 15, 15, 15, 15, 20, 20, 20, 20, 20, 20, 20, 20, 20, 20, 8, 8, 8, 8, 8, 8, 8, 8, 8, 8, 2, 2, 2, 2, 2, 2, 2, 2, 2, 2, 19, 19, 19, 19, 19, 19, 19, 19, 19, 19
4, 4, 4, 4, 4, 4, 4, 4, 4, 4, 16, 16, 16, 16, 16, 16, 16, 16, 16, 16, 4, 4, 4, 4, 4, 4, 4, 4, 4, 4, 15, 15, 15, 15, 15, 15, 15, 15, 15, 15, 20, 20, 20, 20, 20, 20, 20, 20, 20, 20, 8, 8, 8, 8, 8, 8, 8, 8, 8, 8, 2, 2, 2, 2, 2, 2, 2, 2, 2, 2, 19, 19, 19, 19, 19, 19, 19, 19, 19, 19
4, 4, 4, 4, 4, 4, 4, 4, 4, 4, 16, 16, 16, 16, 16, 16, 16, 16, 16, 16, 4, 4, 4, 4, 4, 4, 4, 4, 4, 4, 15, 15, 15, 15, 15, 15, 15, 15, 15, 15, 20, 20, 20, 20, 20, 20, 20, 20, 20, 20, 8, 8, 8, 8, 8, 8, 8, 8, 8, 8, 2, 2, 2, 2, 2, 2, 2, 2, 2, 2, 19, 19, 19, 19, 19, 19, 19, 19, 19, 19
4, 4, 4, 4, 4, 4, 4, 4, 4, 4, 16, 16, 16, 16, 16, 16, 16, 16, 16, 16, 4, 4, 4, 4, 4, 4, 4, 4, 4, 4, 15, 15, 15, 15, 15, 15, 15, 15, 15, 15, 20, 20, 20, 20, 20, 20, 20, 20, 20, 20, 8, 8, 8, 8, 8, 8, 8, 8, 8, 8, 2, 2, 2, 2, 2, 2, 2, 2, 2, 2, 19, 19, 19, 19, 19, 19, 19, 19, 19, 19
4, 4, 4, 4, 4, 4, 4, 4, 4, 4, 16, 16, 16, 16, 16, 16, 16, 16, 16, 16, 4, 4, 4, 4, 4, 4, 4, 4, 4, 4, 15, 15, 15, 15, 15, 15, 15, 15, 15, 15, 20, 20, 20, 20, 20, 20, 20, 20, 20, 20, 8, 8, 8, 8, 8, 8, 8, 8, 8, 8, 2, 2, 2, 2, 2, 2, 2, 2, 2, 2, 19, 19, 19, 19, 19, 19, 19, 19, 19, 19
4, 4, 4, 4, 4, 4, 4, 4, 4, 4, 16, 16, 16, 16, 16, 16, 16, 16, 16, 16, 4, 4, 4, 4, 4, 4, 4, 4, 4, 4, 15, 15, 15, 15, 15, 15, 15, 15, 15, 15, 20, 20, 20, 20, 20, 20, 20, 20, 20, 20, 8, 8, 8, 8, 8, 8, 8, 8, 8, 8, 2, 2, 2, 2, 2, 2, 2, 2, 2, 2, 19, 19, 19, 19, 19, 19, 19, 19, 19, 19
4, 4, 4, 4, 4, 4, 4, 4, 4, 4, 16, 16, 16, 16, 16, 16, 16, 16, 16, 16, 4, 4, 4, 4, 4, 4, 4, 4, 4, 4, 15, 15, 15, 15, 15, 15, 15, 15, 15, 15, 20, 20, 20, 20, 20, 20, 20, 20, 20, 20, 8, 8, 8, 8, 8, 8, 8, 8, 8, 8, 2, 2, 2, 2, 2, 2, 2, 2, 2, 2, 19, 19, 19, 19, 19, 19, 19, 19, 19, 19
4, 4, 4, 4, 4, 4, 4, 4, 4, 4, 16, 16, 16, 16, 16, 16, 16, 16, 16, 16, 4, 4, 4, 4, 4, 4, 4, 4, 4, 4, 15, 15, 15, 15, 15, 15, 15, 15, 15, 15, 20, 20, 20, 20, 20, 20, 20, 20, 20, 20, 8, 8, 8, 8, 8, 8, 8, 8, 8, 8, 2, 2, 2, 2, 2, 2, 2, 2, 2, 2, 19, 19, 19, 19, 19, 19, 19, 19, 19, 19
4, 4, 4, 4, 4, 4, 4, 4, 4, 4, 16, 16, 16, 16, 16, 16, 16, 16, 16, 16, 4, 4, 4, 4, 4, 4, 4, 4, 4, 4, 15, 15, 15, 15, 15, 15, 15, 15, 15, 15, 20, 20, 20, 20, 20, 20, 20, 20, 20, 20, 8, 8, 8, 8, 8, 8, 8, 8, 8, 8, 2, 2, 2, 2, 2, 2, 2, 2, 2, 2, 19, 19, 19, 19, 19, 19, 19, 19, 19, 19
11, 11, 11, 11, 11, 11, 11, 11, 11, 11, 15, 15, 15, 15, 15, 15, 15, 15, 15, 15, 3, 3, 3, 3, 3, 3, 3, 3, 3, 3, 3, 3, 3, 3, 3, 3, 3, 3, 3, 3, 6, 6, 6, 6, 6, 6, 6, 6, 6, 6, 19, 19, 19, 19, 19, 19, 19, 19, 19, 19, 11, 11, 11, 11, 11, 11, 11, 11, 11, 11, 7, 7, 7, 7, 7, 7, 7, 7, 7, 7
11, 11, 11, 11, 11, 11, 11, 11, 11, 11, 15, 15, 15, 15, 15, 15, 15, 15, 15, 15, 3, 3, 3, 3, 3, 3, 3, 3, 3, 3, 3, 3, 3, 3, 3, 3, 3, 3, 3, 3, 6, 6, 6, 6, 6, 6, 6, 6, 6, 6, 19, 19, 19, 19, 19, 19, 19, 19, 19, 19, 11, 11, 11, 11, 11, 11, 11, 11, 11, 11, 7, 7, 7, 7, 7, 7, 7, 7, 7, 7
11, 11, 11, 11, 11, 11, 11, 11, 11, 11, 15, 15, 15, 15, 15, 15, 15, 15, 15, 15, 3, 3, 3, 3, 3, 3, 3, 3, 3, 3, 3, 3, 3, 3, 3, 3, 3, 3, 3, 3, 6, 6, 6, 6, 6, 6, 6, 6, 6, 6, 19, 19, 19, 19, 19, 19, 19, 19, 19, 19, 11, 11, 11, 11, 11, 11, 11, 11, 11, 11, 7, 7, 7, 7, 7, 7, 7, 7, 7, 7
11, 11, 11, 11, 11, 11, 11, 11, 11, 11, 15, 15, 15, 15, 15, 15, 15, 15, 15, 15, 3, 3, 3, 3, 3, 3, 3, 3, 3, 3, 3, 3, 3, 3, 3, 3, 3, 3, 3, 3, 6, 6, 6, 6, 6, 6, 6, 6, 6, 6, 19, 19, 19, 19, 19, 19, 19, 19, 19, 19, 11, 11, 11, 11, 11, 11, 11, 11, 11, 11, 7, 7, 7, 7, 7, 7, 7, 7, 7, 7
11, 11, 11, 11, 11, 11, 11, 11, 11, 11, 15, 15, 15, 15, 15, 15, 15, 15, 15, 15, 3, 3, 3, 3, 3, 3, 3, 3, 3, 3, 3, 3, 3, 3, 3, 3, 3, 3, 3, 3, 6, 6, 6, 6, 6, 6, 6, 6, 6, 6, 19, 19, 19, 19, 19, 19, 19, 19, 19, 19, 11, 11, 11, 11, 11, 11, 11, 11, 11, 11, 7, 7, 7, 7, 7, 7, 7, 7, 7, 7
11, 11, 11, 11, 11, 11, 11, 11, 11, 11, 15, 15, 15, 15, 15, 15, 15, 15, 15, 15, 3, 3, 3, 3, 3, 3, 3, 3, 3, 3, 3, 3, 3, 3, 3, 3, 3, 3, 3, 3, 6, 6, 6, 6, 6, 6, 6, 6, 6, 6, 19, 19, 19, 19, 19, 19, 19, 19, 19, 19, 11, 11, 11, 11, 11, 11, 11, 11, 11, 11, 7, 7, 7, 7, 7, 7, 7, 7, 7, 7
11, 11, 11, 11, 11, 11, 11, 11, 11, 11, 15, 15, 15, 15, 15, 15, 15, 15, 15, 15, 3, 3, 3, 3, 3, 3, 3, 3, 3, 3, 3, 3, 3, 3, 3, 3, 3, 3, 3, 3, 6, 6, 6, 6, 6, 6, 6, 6, 6, 6, 19, 19, 19, 19, 19, 19, 19, 19, 19, 19, 11, 11, 11, 11, 11, 11, 11, 11, 11, 11, 7, 7, 7, 7, 7, 7, 7, 7, 7, 7
11, 11, 11, 11, 11, 11, 11, 11, 11, 11, 15, 15, 15, 15, 15, 15, 15, 15, 15, 15, 3, 3, 3, 3, 3, 3, 3, 3, 3, 3, 3, 3, 3, 3, 3, 3, 3, 3, 3, 3, 6, 6, 6, 6, 6, 6, 6, 6, 6, 6, 19, 19, 19, 19, 19, 19, 19, 19, 19, 19, 11, 11, 11, 11, 11, 11, 11, 11, 11, 11, 7, 7, 7, 7, 7, 7, 7, 7, 7, 7
11, 11, 11, 11, 11, 11, 11, 11, 11, 11, 15, 15, 15, 15, 15, 15, 15, 15, 15, 15, 3, 3, 3, 3, 3, 3, 3, 3, 3, 3, 3, 3, 3, 3, 3, 3, 3, 3, 3, 3, 6, 6, 6, 6, 6, 6, 6, 6, 6, 6, 19, 19, 19, 19, 19, 19, 19, 19, 19, 19, 11, 11, 11, 11, 11, 11, 11, 11, 11, 11, 7, 7, 7, 7, 7, 7, 7, 7, 7, 7
11, 11, 11, 11, 11, 11, 11, 11, 11, 11, 15, 15, 15, 15, 15, 15, 15, 15, 15, 15, 3, 3, 3, 3, 3, 3, 3, 3, 3, 3, 3, 3, 3, 3, 3, 3, 3, 3, 3, 3, 6, 6, 6, 6, 6, 6, 6, 6, 6, 6, 19, 19, 19, 19, 19, 19, 19, 19, 19, 19, 11, 11, 11, 11, 11, 11, 11, 11, 11, 11, 7, 7, 7, 7, 7, 7, 7, 7, 7, 7
11, 11, 11, 11, 11, 11, 11, 11, 11, 11, 8, 8, 8, 8, 8, 8, 8, 8, 8, 8, 12, 12, 12, 12, 12, 12, 12, 12, 12, 12, 6, 6, 6, 6, 6, 6, 6, 6, 6, 6, 1, 1, 1, 1, 1, 1, 1, 1, 1, 1, 17, 17, 17, 17, 17, 17, 17, 17, 17, 17, 11, 11, 11, 11, 11, 11, 11, 11, 11, 11, 7, 7, 7, 7, 7, 7, 7, 7, 7, 7
11, 11, 11, 11, 11, 11, 11, 11, 11, 11, 8, 8, 8, 8, 8, 8, 8, 8, 8, 8, 12, 12, 12, 12, 12, 12, 12, 12, 12, 12, 6, 6, 6, 6, 6, 6, 6, 6, 6, 6, 1, 1, 1, 1, 1, 1, 1, 1, 1, 1, 17, 17, 17, 17, 17, 17, 17, 17, 17, 17, 11, 11, 11, 11, 11, 11, 11, 11, 11, 11, 7, 7, 7, 7, 7, 7, 7, 7, 7, 7
11, 11, 11, 11, 11, 11, 11, 11, 11, 11, 8, 8, 8, 8, 8, 8, 8, 8, 8, 8, 12, 12, 12, 12, 12, 12, 12, 12, 12, 12, 6, 6, 6, 6, 6, 6, 6, 6, 6, 6, 1, 1, 1, 1, 1, 1, 1, 1, 1, 1, 17, 17, 17, 17, 17, 17, 17, 17, 17, 17, 11, 11, 11, 11, 11, 11, 11, 11, 11, 11, 7, 7, 7, 7, 7, 7, 7, 7, 7, 7
11, 11, 11, 11, 11, 11, 11, 11, 11, 11, 8, 8, 8, 8, 8, 8, 8, 8, 8, 8, 12, 12, 12, 12, 12, 12, 12, 12, 12, 12, 6, 6, 6, 6, 6, 6, 6, 6, 6, 6, 1, 1, 1, 1, 1, 1, 1, 1, 1, 1, 17, 17, 17, 17, 17, 17, 17, 17, 17, 17, 11, 11, 11, 11, 11, 11, 11, 11, 11, 11, 7, 7, 7, 7, 7, 7, 7, 7, 7, 7
11, 11, 11, 11, 11, 11, 11, 11, 11, 11, 8, 8, 8, 8, 8, 8, 8, 8, 8, 8, 12, 12, 12, 12, 12, 12, 12, 12, 12, 12, 6, 6, 6, 6, 6, 6, 6, 6, 6, 6, 1, 1, 1, 1, 1, 1, 1, 1, 1, 1, 17, 17, 17, 17, 17, 17, 17, 17, 17, 17, 11, 11, 11, 11, 11, 11, 11, 11, 11, 11, 7, 7, 7, 7, 7, 7, 7, 7, 7, 7
11, 11, 11, 11, 11, 11, 11, 11, 11, 11, 8, 8, 8, 8, 8, 8, 8, 8, 8, 8, 12, 12, 12, 12, 12, 12, 12, 12, 12, 12, 6, 6, 6, 6, 6, 6, 6, 6, 6, 6, 1, 1, 1, 1, 1, 1, 1, 1, 1, 1, 17, 17, 17, 17, 17, 17, 17, 17, 17, 17, 11, 11, 11, 11, 11, 11, 11, 11, 11, 11, 7, 7, 7, 7, 7, 7, 7, 7, 7, 7
11, 11, 11, 11, 11, 11, 11, 11, 11, 11, 8, 8, 8, 8, 8, 8, 8, 8, 8, 8, 12, 12, 12, 12, 12, 12, 12, 12, 12, 12, 6, 6, 6, 6, 6, 6, 6, 6, 6, 6, 1, 1, 1, 1, 1, 1, 1, 1, 1, 1, 17, 17, 17, 17, 17, 17, 17, 17, 17, 17, 11, 11, 11, 11, 11, 11, 11, 11, 11, 11, 7, 7, 7, 7, 7, 7, 7, 7, 7, 7
11, 11, 11, 11, 11, 11, 11, 11, 11, 11, 8, 8, 8, 8, 8, 8, 8, 8, 8, 8, 12, 12, 12, 12, 12, 12, 12, 12, 12, 12, 6, 6, 6, 6, 6, 6, 6, 6, 6, 6, 1, 1, 1, 1, 1, 1, 1, 1, 1, 1, 17, 17, 17, 17, 17, 17, 17, 17, 17, 17, 11, 11, 11, 11, 11, 11, 11, 11, 11, 11, 7, 7, 7, 7, 7, 7, 7, 7, 7, 7
11, 11, 11, 11, 11, 11, 11, 11, 11, 11, 8, 8, 8, 8, 8, 8, 8, 8, 8, 8, 12, 12, 12, 12, 12, 12, 12, 12, 12, 12, 6, 6, 6, 6, 6, 6, 6, 6, 6, 6, 1, 1, 1, 1, 1, 1, 1, 1, 1, 1, 17, 17, 17, 17, 17, 17, 17, 17, 17, 17, 11, 11, 11, 11, 11, 11, 11, 11, 11, 11, 7, 7, 7, 7, 7, 7, 7, 7, 7, 7
11, 11, 11, 11, 11, 11, 11, 11, 11, 11, 8, 8, 8, 8, 8, 8, 8, 8, 8, 8, 12, 12, 12, 12, 12, 12, 12, 12, 12, 12, 6, 6, 6, 6, 6, 6, 6, 6, 6, 6, 1, 1, 1, 1, 1, 1, 1, 1, 1, 1, 17, 17, 17, 17, 17, 17, 17, 17, 17, 17, 11, 11, 11, 11, 11, 11, 11, 11, 11, 11, 7, 7, 7, 7, 7, 7, 7, 7, 7, 7
12
20, 30, 5100
20, 30, 4000
20, 10, 1200
10, 40, 3000
30, 40, 10100
30, 30, 5600
10, 10, 700
20, 30, 4900
20, 40, 6200
20, 10, 1900
10, 20, 1200
30, 20, 4100
