20
30
-38, -32, -27, -21, -15, -9, -2, 5, 12, 19, 26, 33, 40, 47, 54, 61, 67, 74, 80, 85, 91, 96, 101, 105, 110, 113, 116, 119, 121, 123
-32, -27, -22, -16, -11, -5, 2, 8, 15, 21, 28, 35, 42, 48, 55, 61, 68, 74, 80, 85, 90, 95, 100, 104, 108, 111, 114, 116, 118, 119
-24, -20, -15, -10, -5, 0, 6, 12, 18, 24, 30, 36, 42, 48, 55, 60, 66, 72, 77, 82, 87, 91, 96, 99, 103, 106, 108, 110, 112, 113
-12, -9, -5, -1, 3, 7, 12, 17, 22, 27, 32, 38, 43, 48, 53, 58, 63, 68, 73, 77, 81, 85, 89, 92, 95, 98, 100, 101, 103, 104
3, 5, 8, 11, 14, 17, 21, 24, 28, 32, 36, 40, 44, 48, 52, 56, 60, 64, 68, 71, 75, 78, 81, 83, 85, 87, 89, 90, 91, 91
22, 23, 25, 27, 29, 31, 33, 35, 37, 40, 42, 45, 48, 50, 53, 55, 58, 61, 63, 65, 67, 69, 71, 73, 74, 75, 76, 77, 77, 77
44, 45, 46, 46, 47, 48, 49, 49, 50, 51, 52, 53, 54, 55, 56, 57, 58, 58, 59, 60, 61, 61, 62, 62, 62, 63, 62, 62, 62, 61
67, 68, 68, 69, 69, 68, 68, 68, 67, 66, 65, 65, 64, 63, 62, 61, 60, 59, 58, 57, 56, 55, 54, 53, 52, 50, 49, 47, 46, 44
87, 89, 91, 91, 91, 91, 90, 89, 87, 85, 83, 80, 78, 75, 72, 70, 67, 64, 61, 58, 55, 52, 49, 46, 43, 40, 37, 34, 31, 28
102, 106, 109, 112, 113, 113, 112, 111, 109, 106, 103, 99, 96, 91, 87, 82, 77, 73, 68, 63, 57, 52, 47, 42, 38, 33, 28, 23, 19, 14
105, 113, 119, 125, 128, 130, 131, 131, 130, 127, 124, 120, 116, 111, 105, 99, 93, 86, 79, 72, 65, 58, 51, 44, 37, 30, 23, 16, 10, 3
91, 104, 115, 125, 132, 138, 142, 145, 146, 145, 143, 140, 136, 131, 125, 118, 111, 103, 95, 86, 77, 68, 59, 50, 41, 32, 23, 14, 5, -3
57, 75, 92, 107, 120, 131, 140, 146, 151, 154, 155, 154, 152, 148, 143, 137, 130, 122, 113, 103, 93, 83, 72, 62, 51, 40, 29, 18, 7, -3
13, 31, 50, 69, 87, 103, 118, 130, 140, 148, 153, 157, 158, 158, 155, 151, 145, 139, 130, 121, 111, 101, 89, 77, 65, 53, 40, 27, 15, 2
10, -2, 5, 19, 37, 56, 75, 92, 108, 122, 133, 142, 149, 153, 155, 155, 153, 149, 143, 136, 127, 118, 107, 95, 82, 69, 56, 42, 28, 14
-4, -3, 23, 17, 2, 7, 20, 37, 56, 74, 91, 106, 119, 129, 138, 143, 146, 147, 146, 142, 137, 130, 121, 111, 99, 87, 74, 60, 45, 30
42, 25, 10, -1, -2, 21, 19, -1, 2, 14, 30, 48, 66, 82, 97, 109, 119, 126, 131, 133, 133, 130, 126, 119, 111, 101, 89, 77, 63, 49
100, 83, 65, 46, 27, 9, -4, -7, 13, 14, -10, -10, 1, 17, 34, 51, 67, 81, 93, 102, 109, 113, 115, 114, 110, 105, 97, 88, 77, 65
144, 134, 120, 104, 86, 66, 44, 22, 2, -14, -19, -2, 3, -26, -28, -18, -3, 14, 30, 46, 60, 72, 81, 87, 91, 92, 91, 87, 81, 73
168, 164, 158, 148, 136, 121, 103, 82, 59, 35, 11, -11, -30, -38, -22, -13, -48, -51, -42, -28, -11, 5, 21, 35, 47, 56, 63, 67, 68, 67
15
7, 3, 245
8, 7, 870
4, 11, 576
9, 1, 102
10, 3, 530
9, 11, 1504
4, 12, 621
6, 3, 192
2, 12, 479
7, 7, 623
9, 13, 1507
9, 4, 371
4, 15, 803
6, 11, 874
2, 6, 132

