20
30
-2, -14, -25, -37, -47, -55, -60, -63, -62, -58, -52, -42, -30, -16, -1, 15, 32, 49, 65, 79, 92, 103, 112, 117, 120, 120, 117, 111, 101, 90
-14, -26, -37, -47, -56, -61, -64, -64, -60, -53, -44, -32, -18, -3, 14, 31, 48, 64, 79, 92, 104, 112, 119, 122, 122, 119, 113, 105, 93, 79
-21, -34, -45, -55, -62, -66, -67, -64, -58, -50, -38, -24, -9, 8, 25, 43, 60, 76, 90, 102, 112, 120, 124, 125, 123, 118, 110, 99, 85, 69
-23, -36, -48, -57, -63, -67, -67, -63, -56, -46, -33, -18, -2, 16, 33, 51, 68, 84, 97, 109, 117, 123, 126, 126, 122, 115, 105, 93, 78, 60
-21, -33, -44, -53, -59, -62, -62, -58, -51, -41, -28, -13, 3, 20, 38, 56, 72, 87, 100, 110, 118, 123, 125, 123, 119, 111, 100, 86, 70, 51
-18, -26, -35, -43, -48, -51, -52, -49, -42, -33, -22, -8, 7, 24, 40, 57, 72, 86, 98, 107, 114, 118, 119, 117, 112, 103, 92, 77, 61, 42
-20, -21, -25, -29, -32, -35, -35, -33, -28, -21, -12, 0, 13, 27, 41, 55, 69, 81, 92, 100, 106, 109, 109, 106, 101, 92, 80, 67, 50, 32
-34, -25, -19, -16, -15, -14, -13, -11, -8, -3, 4, 12, 21, 32, 43, 54, 64, 74, 82, 88, 93, 95, 94, 91, 85, 77, 66, 52, 37, 20
-63, -45, -27, -13, -2, 5, 10, 14, 18, 21, 25, 29, 35, 40, 47, 54, 60, 66, 71, 74, 77, 77, 75, 71, 65, 57, 47, 35, 21, 6
-83, -78, -53, -26, -2, 16, 30, 39, 45, 49, 51, 52, 54, 55, 56, 57, 58, 59, 60, 60, 59, 56, 53, 48, 41, 33, 24, 13, 1, -12
-85, -68, -84, -58, -23, 9, 35, 55, 68, 76, 80, 80, 78, 75, 71, 66, 61, 57, 52, 46, 41, 35, 29, 22, 15, 6, -3, -12, -23, -34
-45, -73, -84, -72, -60, -21, 19, 53, 79, 95, 105, 108, 106, 100, 92, 82, 71, 60, 48, 37, 27, 16, 6, -4, -13, -23, -32, -41, -50, -59
0, -22, -49, -70, -47, -55, -20, 26, 66, 97, 118, 129, 131, 127, 117, 103, 88, 70, 53, 35, 18, 2, -13, -27, -40, -52, -62, -71, -80, -87
30, 23, 7, -16, -42, -52, -32, -19, 26, 72, 108, 133, 146, 148, 141, 128, 109, 88, 64, 40, 17, -6, -27, -46, -63, -78, -91, -102, -110, -117
41, 49, 49, 40, 20, -7, -31, -10, -16, 21, 69, 110, 139, 154, 157, 149, 133, 110, 83, 54, 25, -4, -32, -57, -80, -100, -116, -129, -140, -147
33, 53, 69, 76, 73, 58, 32, 1, -16, 7, 10, 55, 100, 133, 152, 157, 149, 131, 105, 75, 41, 7, -27, -58, -87, -113, -134, -152, -165, -174
12, 40, 66, 88, 101, 104, 94, 70, 36, 2, 12, 2, 33, 78, 116, 139, 147, 141, 123, 96, 63, 27, -11, -48, -83, -115, -143, -165, -183, -196
-16, 16, 48, 78, 104, 123, 131, 125, 105, 69, 26, -4, 18, 5, 45, 86, 115, 128, 126, 110, 83, 50, 11, -29, -68, -105, -139, -168, -191, -209
-44, -14, 19, 54, 87, 117, 139, 151, 150, 133, 99, 51, 2, -2, -19, 3, 45, 80, 100, 103, 92, 68, 35, -3, -43, -84, -123, -157, -187, -210
-68, -43, -12, 21, 57, 92, 123, 148, 164, 166, 153, 121, 73, 15, -31, -8, -41, -5, 35, 63, 74, 69, 50, 21, -15, -54, -95, -133, -168, -198
15
7, 3, 245
8, 7, 870
4, 11, 576
9, 1, 102
10, 3, 530
9, 11, 1504
4, 12, 621
6, 3, 192
2, 12, 479
7, 7, 623
9, 13, 1507
9, 4, 371
4, 15, 803
6, 11, 874
2, 6, 132
