20
30
18, 6, 16, 18, 16, 4, 13, 17, 3, 1, 3, 13, 3, 4, 12, 12, 4, 2, 15, 17, 3, 20, 9, 12, 6, 18, 13, 5, 3, 11
7, 6, 8, 11, 16, 17, 8, 5, 6, 2, 3, 7, 7, 7, 6, 16, 3, 1, 18, 5, 16, 12, 13, 17, 11, 18, 18, 5, 13, 19
12, 8, 14, 12, 14, 18, 6, 12, 8, 15, 5, 20, 16, 13, 15, 16, 14, 2, 6, 10, 15, 12, 7, 18, 16, 16, 13, 11, 1, 18
20, 3, 13, 8, 11, 15, 13, 16, 13, 9, 10, 11, 13, 4, 1, 17, 16, 1, 3, 15, 5, 16, 20, 3, 4, 1, 2, 17, 16, 19
5, 15, 12, 11, 15, 2, 8, 9, 3, 20, 3, 18, 9, 17, 20, 4, 19, 4, 18, 20, 1, 13, 9, 6, 13, 4, 4, 10, 4, 11
14, 17, 20, 15, 5, 15, 20, 3, 9, 19, 10, 8, 19, 3, 12, 7, 8, 3, 3, 20, 2, 19, 20, 17, 18, 13, 7, 6, 18, 12
19, 18, 5, 12, 7, 7, 18, 14, 13, 5, 5, 17, 15, 19, 11, 14, 15, 6, 14, 7, 17, 1, 8, 5, 10, 16, 18, 4, 17, 13
9, 15, 5, 18, 20, 12, 3, 7, 17, 6, 10, 14, 11, 18, 16, 5, 4, 1, 7, 5, 18, 1, 12, 12, 15, 19, 11, 1, 3, 11
9, 15, 18, 1, 17, 11, 13, 18, 19, 19, 11, 9, 10, 9, 17, 3, 10, 10, 9, 5, 12, 18, 17, 12, 15, 8, 3, 14, 3, 2
2, 2, 4, 6, 17, 15, 17, 11, 2, 6, 13, 7, 2, 8, 14, 10, 11, 4, 15, 12, 9, 1, 12, 18, 19, 12, 18, 6, 6, 9
8, 20, 15, 18, 17, 10, 5, 5, 12, 3, 7, 19, 9, 4, 13, 6, 17, 10, 19, 5, 17, 19, 19, 11, 13, 2, 10, 6, 7, 6
18, 12, 5, 13, 18, 13, 12, 4, 12, 5, 5, 7, 13, 13, 6, 10, 12, 9, 6, 14, 16, 9, 7, 2, 12, 9, 1, 4, 5, 16
20, 20, 19, 6, 6, 15, 14, 17, 6, 1, 14, 13, 18, 14, 20, 11, 7, 7, 6, 3, 10, 2, 1, 13, 11, 9, 5, 4, 1, 9
13, 9, 20, 16, 6, 5, 8, 7, 8, 11, 17, 16, 3, 6, 20, 3, 11, 14, 2, 1, 3, 15, 19, 2, 6, 18, 20, 6, 16, 17
11, 11, 16, 17, 8, 6, 14, 3, 8, 15, 3, 20, 20, 15, 7, 14, 20, 16, 14, 8, 19, 11, 3, 20, 7, 18, 11, 18, 10, 9
6, 3, 12, 11, 1, 6, 1, 6, 18, 15, 10, 8, 7, 7, 19, 3, 16, 4, 16, 12, 18, 5, 13, 8, 18, 20, 8, 16, 11, 10
15, 16, 14, 20, 10, 1, 9, 9, 14, 1, 14, 14, 19, 19, 18, 11, 5, 17, 2, 5, 3, 7, 3, 18, 11, 2, 11, 4, 14, 2
19, 6, 16, 8, 20, 14, 15, 7, 17, 18, 14, 8, 11, 15, 19, 5, 7, 14, 11, 8, 15, 12, 14, 6, 8, 8, 14, 16, 10, 8
11, 5, 16, 13, 3, 9, 19, 11, 20, 4, 16, 19, 20, 4, 12, 16, 17, 9, 20, 7, 16, 18, 14, 6, 8, 7, 12, 11, 20, 12
1, 20, 18, 10, 8, 9, 12, 19, 12, 10, 6, 16, 15, 7, 12, 17, 13, 10, 15, 12, 12, 6, 17, 3, 13, 13, 12, 10, 5, 17
15
7, 3, 245
8, 7, 870
4, 11, 576
9, 1, 102
10, 3, 530
9, 11, 1504
4, 12, 621
6, 3, 192
2, 12, 479
7, 7, 623
9, 13, 1507
9, 4, 371
4, 15, 803
6, 11, 874
2, 6, 132