20
30
18, 4, 20, 40, 1, 22, 33, 32, 41, 16, 40, 28, 47, 20, 47, 30, 37, 13, 30, 33, 36, 35, 9, 38, 16, 2, 47, 10, 9, 22
7, 37, 5, 29, 50, 31, 13, 46, 16, 27, 16, 10, 40, 40, 28, 44, 49, 38, 4, 21, 27, 43, 11, 6, 4, 33, 45, 32, 24, 49
25, 24, 23, 20, 9, 3, 24, 18, 20, 16, 18, 42, 48, 3, 18, 26, 46, 20, 10, 23, 4, 9, 6, 38, 46, 15, 27, 49, 26, 18
37, 32, 22, 17, 2, 42, 37, 21, 31, 25, 20, 31, 19, 39, 4, 36, 45, 8, 38, 28, 38, 26, 22, 2, 46, 16, 19, 36, 24, 44
27, 26, 43, 2, 29, 36, 21, 31, 2, 27, 40, 25, 39, 35, 3, 23, 41, 17, 34, 11, 21, 19, 11, 48, 31, 11, 10, 20, 22, 36
23, 2, 47, 38, 49, 45, 38, 17, 10, 18, 15, 14, 7, 12, 39, 13, 38, 38, 50, 23, 26, 3, 2, 14, 24, 8, 15, 46, 22, 18
27, 1, 10, 16, 5, 38, 28, 1, 37, 9, 35, 25, 7, 17, 46, 7, 13, 49, 10, 18, 24, 23, 21, 50, 11, 20, 1, 34, 15, 41
30, 43, 45, 43, 42, 15, 5, 41, 8, 2, 35, 37, 2, 41, 38, 1, 46, 36, 19, 17, 46, 16, 37, 5, 44, 5, 31, 10, 6, 35
38, 45, 37, 46, 30, 43, 31, 15, 25, 32, 3, 22, 42, 8, 33, 38, 21, 30, 13, 11, 25, 15, 16, 49, 46, 14, 7, 40, 49, 37
34, 45, 35, 24, 14, 41, 50, 6, 12, 45, 20, 32, 11, 37, 14, 24, 25, 29, 22, 7, 34, 1, 48, 46, 10, 23, 30, 39, 1, 16
36, 42, 17, 39, 48, 9, 38, 18, 45, 43, 39, 16, 18, 18, 41, 43, 5, 29, 35, 22, 40, 29, 18, 42, 3, 33, 48, 40, 14, 42
11, 12, 6, 47, 10, 29, 15, 22, 40, 6, 37, 7, 35, 30, 19, 19, 33, 31, 6, 17, 19, 2, 4, 29, 26, 8, 24, 25, 36, 16
11, 49, 5, 3, 32, 28, 10, 22, 9, 12, 29, 33, 40, 30, 36, 33, 45, 39, 24, 35, 50, 17, 34, 47, 24, 10, 8, 28, 21, 2
6, 41, 37, 25, 45, 39, 3, 32, 48, 42, 9, 12, 23, 44, 39, 36, 12, 25, 44, 43, 14, 35, 2, 2, 16, 45, 15, 8, 30, 23
20, 33, 2, 7, 7, 39, 47, 16, 35, 47, 31, 13, 42, 33, 26, 39, 45, 41, 8, 38, 48, 33, 34, 28, 39, 21, 39, 35, 9, 1
25, 45, 2, 25, 22, 27, 11, 16, 37, 1, 40, 47, 41, 47, 13, 1, 44, 19, 27, 28, 50, 24, 50, 43, 25, 38, 49, 24, 19, 36
50, 13, 7, 34, 23, 37, 11, 17, 12, 49, 29, 29, 4, 8, 48, 1, 42, 38, 16, 38, 28, 21, 8, 32, 1, 1, 45, 10, 1, 34
28, 37, 48, 1, 2, 28, 41, 7, 24, 26, 40, 27, 7, 28, 50, 21, 21, 43, 45, 24, 46, 12, 9, 31, 9, 29, 5, 26, 33, 23
42, 2, 17, 29, 22, 42, 32, 3, 6, 21, 11, 36, 14, 40, 48, 2, 14, 31, 33, 31, 31, 2, 16, 27, 38, 16, 28, 17, 43, 23
24, 15, 24, 2, 34, 39, 11, 29, 6, 8, 39, 18, 38, 24, 14, 11, 49, 19, 34, 7, 16, 25, 43, 3, 43, 41, 37, 41, 41, 7
15
7, 3, 245
8, 7, 870
4, 11, 576
9, 1, 102
10, 3, 530
9, 11, 1504
4, 12, 621
6, 3, 192
2, 12, 479
7, 7, 623
9, 13, 1507
9, 4, 371
4, 15, 803
6, 11, 874
2, 6, 132
