20
30
22, 3, 54, 25, 1, 43, 11, 21, 8, 21, 13, 44, 21, 39, 40, 53, 14, 42, 1, 17, 32, 59, 4, 45, 20, 13, 44, 28, 41, 24
5, 1, 42, 54, 22, 33, 27, 39, 30, 52, 36, 28, 47, 21, 34, 33, 13, 7, 20, 2, 59, 40, 41, 16, 4, 24, 60, 10, 6, 48
59, 44, 41, 44, 17, 13, 2, 28, 17, 8, 27, 35, 13, 9, 42, 4, 12, 43, 12, 47, 1, 38, 8, 40, 26, 25, 20, 27, 50, 59
34, 18, 34, 42, 53, 53, 48, 4, 5, 21, 32, 45, 50, 12, 36, 24, 28, 32, 35, 60, 12, 17, 58, 19, 48, 22, 37, 1, 19, 52
53, 35, 38, 19, 35, 10, 2, 31, 17, 50, 17, 9, 39, 51, 16, 16, 48, 56, 5, 2, 58, 48, 53, 51, 47, 17, 20, 15, 54, 31
17, 47, 45, 13, 28, 57, 8, 32, 38, 26, 23, 57, 16, 46, 43, 4, 38, 7, 4, 33, 35, 41, 57, 17, 54, 6, 43, 47, 32, 18
50, 48, 38, 46, 33, 31, 24, 26, 24, 19, 8, 16, 19, 39, 40, 1, 33, 8, 8, 43, 39, 13, 11, 21, 57, 37, 50, 29, 20, 23
15, 22, 1, 20, 37, 36, 20, 30, 13, 13, 41, 13, 44, 45, 26, 20, 22, 19, 38, 53, 33, 35, 39, 49, 39, 37, 37, 17, 50, 57
41, 55, 7, 1, 4, 47, 15, 59, 3, 5, 42, 4, 56, 56, 3, 27, 30, 26, 56, 37, 15, 31, 52, 27, 50, 40, 43, 12, 42, 60
59, 4, 40, 16, 33, 46, 7, 43, 42, 40, 5, 23, 17, 34, 12, 30, 40, 44, 47, 13, 8, 11, 21, 13, 43, 10, 4, 40, 11, 25
5, 4, 18, 3, 6, 39, 24, 40, 24, 17, 21, 47, 45, 17, 33, 52, 15, 18, 16, 21, 60, 59, 26, 29, 53, 49, 43, 27, 34, 23
43, 27, 33, 18, 36, 2, 6, 14, 28, 34, 7, 60, 21, 31, 52, 21, 26, 5, 41, 51, 56, 46, 25, 51, 25, 6, 38, 49, 11, 17
56, 57, 7, 1, 34, 55, 15, 28, 41, 32, 47, 1, 51, 43, 15, 1, 39, 56, 37, 32, 24, 38, 47, 43, 28, 57, 2, 43, 54, 30
24, 17, 4, 12, 38, 10, 54, 20, 57, 58, 7, 58, 24, 9, 5, 55, 56, 43, 37, 25, 27, 42, 12, 39, 53, 19, 11, 25, 34, 38
53, 32, 35, 12, 9, 30, 57, 39, 5, 5, 7, 19, 60, 40, 26, 26, 14, 39, 39, 33, 2, 19, 7, 30, 3, 42, 5, 26, 19, 19
60, 29, 47, 20, 5, 35, 24, 13, 1, 35, 58, 18, 38, 32, 18, 9, 43, 33, 14, 28, 5, 32, 47, 1, 37, 35, 26, 6, 9, 27
25, 32, 20, 47, 6, 39, 33, 41, 35, 51, 3, 1, 38, 4, 36, 45, 41, 35, 12, 55, 60, 33, 12, 52, 14, 28, 43, 46, 43, 31
9, 19, 5, 34, 11, 26, 58, 52, 27, 40, 36, 3, 59, 23, 26, 4, 54, 44, 25, 53, 54, 51, 54, 14, 28, 53, 20, 29, 33, 38
56, 47, 58, 4, 42, 44, 57, 4, 54, 10, 47, 50, 9, 33, 20, 57, 34, 50, 26, 10, 34, 60, 21, 51, 38, 18, 26, 52, 7, 18
6, 29, 20, 49, 44, 49, 6, 56, 41, 42, 8, 51, 51, 15, 6, 5, 43, 21, 54, 31, 19, 31, 4, 23, 5, 57, 27, 7, 27, 25
15
4, 15, 795
9, 7, 911
5, 11, 844
3, 10, 572
8, 10, 1189
8, 8, 857
9, 9, 909
7, 7, 600
5, 10, 591
4, 1, 79
4, 13, 642
7, 5, 592
4, 12, 588
3, 14, 739
2, 3, 81