20
30
14, 10, 3, 11, 24, 5, 21, 21, 9, 10, 19, 4, 4, 5, 4, 19, 23, 20, 18, 14, 7, 17, 17, 12, 1, 14, 15, 21, 10, 19
5, 7, 19, 15, 12, 4, 15, 7, 11, 25, 24, 23, 25, 6, 24, 1, 15, 10, 9, 25, 19, 21, 17, 18, 25, 23, 19, 17, 10, 10
15, 1, 11, 16, 6, 12, 11, 14, 19, 25, 5, 17, 9, 18, 16, 10, 18, 11, 13, 25, 25, 5, 12, 11, 25, 9, 16, 2, 15, 15
11, 24, 22, 1, 10, 23, 12, 9, 1, 12, 16, 1, 17, 10, 21, 3, 12, 24, 2, 16, 5, 8, 4, 10, 11, 11, 14, 1, 17, 22
22, 9, 24, 4, 15, 7, 21, 9, 8, 19, 24, 9, 11, 2, 10, 24, 14, 3, 16, 22, 23, 17, 25, 25, 10, 3, 20, 12, 15, 25
9, 11, 17, 5, 16, 7, 2, 13, 20, 14, 8, 3, 16, 9, 17, 21, 23, 3, 1, 12, 23, 12, 11, 20, 24, 5, 9, 24, 20, 13
12, 10, 20, 9, 10, 14, 18, 7, 11, 3, 23, 1, 8, 2, 15, 20, 2, 17, 9, 15, 5, 18, 11, 3, 3, 23, 25, 22, 6, 12
24, 3, 19, 8, 3, 24, 9, 8, 24, 4, 4, 17, 17, 23, 15, 22, 4, 10, 6, 4, 3, 17, 16, 6, 8, 19, 24, 17, 7, 12
14, 21, 1, 25, 5, 20, 8, 1, 25, 17, 12, 20, 18, 6, 11, 14, 2, 14, 14, 6, 20, 16, 17, 2, 9, 7, 13, 14, 1, 9
1, 17, 1, 13, 15, 9, 16, 17, 18, 21, 15, 4, 10, 14, 18, 9, 25, 11, 20, 20, 17, 10, 4, 2, 18, 23, 4, 25, 17, 24
7, 20, 25, 16, 17, 20, 19, 6, 16, 3, 23, 11, 21, 18, 16, 17, 6, 4, 10, 25, 7, 3, 19, 6, 17, 16, 14, 25, 21, 18
5, 16, 25, 20, 14, 20, 4, 20, 22, 23, 16, 19, 21, 18, 22, 7, 15, 12, 11, 1, 17, 1, 16, 18, 17, 5, 1, 19, 24, 2
7, 19, 11, 23, 23, 7, 12, 2, 4, 21, 14, 12, 7, 12, 9, 14, 8, 2, 10, 11, 2, 3, 15, 20, 2, 5, 1, 7, 3, 10
19, 10, 22, 21, 17, 22, 9, 23, 20, 16, 21, 13, 8, 15, 13, 6, 20, 5, 10, 4, 23, 25, 10, 13, 25, 4, 5, 17, 22, 19
7, 5, 24, 19, 2, 4, 15, 11, 20, 13, 5, 10, 7, 20, 16, 14, 20, 25, 7, 21, 10, 22, 23, 24, 13, 20, 1, 9, 21, 14
17, 18, 2, 2, 9, 16, 14, 14, 13, 9, 16, 10, 10, 22, 24, 13, 19, 16, 23, 12, 9, 6, 10, 1, 9, 10, 8, 25, 7, 8
4, 7, 15, 7, 21, 13, 9, 6, 11, 1, 25, 7, 13, 23, 6, 1, 13, 1, 1, 25, 2, 10, 11, 10, 5, 12, 9, 1, 19, 25
9, 15, 7, 5, 6, 9, 20, 4, 2, 12, 4, 14, 5, 23, 12, 3, 19, 12, 20, 8, 23, 7, 25, 7, 7, 19, 21, 5, 2, 10
5, 9, 13, 12, 17, 11, 25, 8, 18, 22, 7, 9, 25, 14, 22, 14, 6, 14, 24, 3, 19, 22, 6, 11, 2, 2, 15, 25, 24, 12
14, 15, 2, 17, 8, 21, 1, 19, 6, 1, 3, 12, 20, 23, 2, 14, 7, 12, 11, 19, 14, 8, 7, 24, 17, 8, 3, 2, 10, 16
15
4, 15, 795
9, 7, 911
5, 11, 844
3, 10, 572
8, 10, 1189
8, 8, 857
9, 9, 909
7, 7, 600
5, 10, 591
4, 1, 79
4, 13, 642
7, 5, 592
4, 12, 588
3, 14, 739
2, 3, 81