30
40
9, 9, 9, 9, 9, 15, 15, 15, 15, 15, 11, 11, 11, 11, 11, 4, 4, 4, 4, 4, 13, 13, 13, 13, 13, 11, 11, 11, 11, 11, 12, 12, 12, 12, 12, 12, 12, 12, 12, 12
9, 9, 9, 9, 9, 15, 15, 15, 15, 15, 11, 11, 11, 11, 11, 4, 4, 4, 4, 4, 13, 13, 13, 13, 13, 11, 11, 11, 11, 11, 12, 12, 12, 12, 12, 12, 12, 12, 12, 12
9, 9, 9, 9, 9, 15, 15, 15, 15, 15, 11, 11, 11, 11, 11, 4, 4, 4, 4, 4, 13, 13, 13, 13, 13, 11, 11, 11, 11, 11, 12, 12, 12, 12, 12, 12, 12, 12, 12, 12
9, 9, 9, 9, 9, 15, 15, 15, 15, 15, 11, 11, 11, 11, 11, 4, 4, 4, 4, 4, 13, 13, 13, 13, 13, 11, 11, 11, 11, 11, 12, 12, 12, 12, 12, 12, 12, 12, 12, 12
9, 9, 9, 9, 9, 15, 15, 15, 15, 15, 11, 11, 11, 11, 11, 4, 4, 4, 4, 4, 13, 13, 13, 13, 13, 11, 11, 11, 11, 11, 12, 12, 12, 12, 12, 12, 12, 12, 12, 12
18, 18, 18, 18, 18, 10, 10, 10, 10, 10, 18, 18, 18, 18, 18, 1, 1, 1, 1, 1, 19, 19, 19, 19, 19, 13, 13, 13, 13, 13, 10, 10, 10, 10, 10, 9, 9, 9, 9, 9
18, 18, 18, 18, 18, 10, 10, 10, 10, 10, 18, 18, 18, 18, 18, 1, 1, 1, 1, 1, 19, 19, 19, 19, 19, 13, 13, 13, 13, 13, 10, 10, 10, 10, 10, 9, 9, 9, 9, 9
18, 18, 18, 18, 18, 10, 10, 10, 10, 10, 18, 18, 18, 18, 18, 1, 1, 1, 1, 1, 19, 19, 19, 19, 19, 13, 13, 13, 13, 13, 10, 10, 10, 10, 10, 9, 9, 9, 9, 9
18, 18, 18, 18, 18, 10, 10, 10, 10, 10, 18, 18, 18, 18, 18, 1, 1, 1, 1, 1, 19, 19, 19, 19, 19, 13, 13, 13, 13, 13, 10, 10, 10, 10, 10, 9, 9, 9, 9, 9
18, 18, 18, 18, 18, 10, 10, 10, 10, 10, 18, 18, 18, 18, 18, 1, 1, 1, 1, 1, 19, 19, 19, 19, 19, 13, 13, 13, 13, 13, 10, 10, 10, 10, 10, 9, 9, 9, 9, 9
8, 8, 8, 8, 8, 14, 14, 14, 14, 14, 4, 4, 4, 4, 4, 13, 13, 13, 13, 13, 9, 9, 9, 9, 9, 14, 14, 14, 14, 14, 3, 3, 3, 3, 3, 10, 10, 10, 10, 10
8, 8, 8, 8, 8, 14, 14, 14, 14, 14, 4, 4, 4, 4, 4, 13, 13, 13, 13, 13, 9, 9, 9, 9, 9, 14, 14, 14, 14, 14, 3, 3, 3, 3, 3, 10, 10, 10, 10, 10
8, 8, 8, 8, 8, 14, 14, 14, 14, 14, 4, 4, 4, 4, 4, 13, 13, 13, 13, 13, 9, 9, 9, 9, 9, 14, 14, 14, 14, 14, 3, 3, 3, 3, 3, 10, 10, 10, 10, 10
8, 8, 8, 8, 8, 14, 14, 14, 14, 14, 4, 4, 4, 4, 4, 13, 13, 13, 13, 13, 9, 9, 9, 9, 9, 14, 14, 14, 14, 14, 3, 3, 3, 3, 3, 10, 10, 10, 10, 10
8, 8, 8, 8, 8, 14, 14, 14, 14, 14, 4, 4, 4, 4, 4, 13, 13, 13, 13, 13, 9, 9, 9, 9, 9, 14, 14, 14, 14, 14, 3, 3, 3, 3, 3, 10, 10, 10, 10, 10
4, 4, 4, 4, 4, 5, 5, 5, 5, 5, 2, 2, 2, 2, 2, 18, 18, 18, 18, 18, 13, 13, 13, 13, 13, 2, 2, 2, 2, 2, 2, 2, 2, 2, 2, 9, 9, 9, 9, 9
4, 4, 4, 4, 4, 5, 5, 5, 5, 5, 2, 2, 2, 2, 2, 18, 18, 18, 18, 18, 13, 13, 13, 13, 13, 2, 2, 2, 2, 2, 2, 2, 2, 2, 2, 9, 9, 9, 9, 9
4, 4, 4, 4, 4, 5, 5, 5, 5, 5, 2, 2, 2, 2, 2, 18, 18, 18, 18, 18, 13, 13, 13, 13, 13, 2, 2, 2, 2, 2, 2, 2, 2, 2, 2, 9, 9, 9, 9, 9
4, 4, 4, 4, 4, 5, 5, 5, 5, 5, 2, 2, 2, 2, 2, 18, 18, 18, 18, 18, 13, 13, 13, 13, 13, 2, 2, 2, 2, 2, 2, 2, 2, 2, 2, 9, 9, 9, 9, 9
4, 4, 4, 4, 4, 5, 5, 5, 5, 5, 2, 2, 2, 2, 2, 18, 18, 18, 18, 18, 13, 13, 13, 13, 13, 2, 2, 2, 2, 2, 2, 2, 2, 2, 2, 9, 9, 9, 9, 9
11, 11, 11, 11, 11, 8, 8, 8, 8, 8, 13, 13, 13, 13, 13, 8, 8, 8, 8, 8, 12, 12, 12, 12, 12, 19, 19, 19, 19, 19, 18, 18, 18, 18, 18, 20, 20, 20, 20, 20
11, 11, 11, 11, 11, 8, 8, 8, 8, 8, 13, 13, 13, 13, 13, 8, 8, 8, 8, 8, 12, 12, 12, 12, 12, 19, 19, 19, 19, 19, 18, 18, 18, 18, 18, 20, 20, 20, 20, 20
11, 11, 11, 11, 11, 8, 8, 8, 8, 8, 13, 13, 13, 13, 13, 8, 8, 8, 8, 8, 12, 12, 12, 12, 12, 19, 19, 19, 19, 19, 18, 18, 18, 18, 18, 20, 20, 20, 20, 20
11, 11, 11, 11, 11, 8, 8, 8, 8, 8, 13, 13, 13, 13, 13, 8, 8, 8, 8, 8, 12, 12, 12, 12, 12, 19, 19, 19, 19, 19, 18, 18, 18, 18, 18, 20, 20, 20, 20, 20
11, 11, 11, 11, 11, 8, 8, 8, 8, 8, 13, 13, 13, 13, 13, 8, 8, 8, 8, 8, 12, 12, 12, 12, 12, 19, 19, 19, 19, 19, 18, 18, 18, 18, 18, 20, 20, 20, 20, 20
8, 8, 8, 8, 8, 1, 1, 1, 1, 1, 11, 11, 11, 11, 11, 13, 13, 13, 13, 13, 15, 15, 15, 15, 15, 6, 6, 6, 6, 6, 4, 4, 4, 4, 4, 2, 2, 2, 2, 2
8, 8, 8, 8, 8, 1, 1, 1, 1, 1, 11, 11, 11, 11, 11, 13, 13, 13, 13, 13, 15, 15, 15, 15, 15, 6, 6, 6, 6, 6, 4, 4, 4, 4, 4, 2, 2, 2, 2, 2
8, 8, 8, 8, 8, 1, 1, 1, 1, 1, 11, 11, 11, 11, 11, 13, 13, 13, 13, 13, 15, 15, 15, 15, 15, 6, 6, 6, 6, 6, 4, 4, 4, 4, 4, 2, 2, 2, 2, 2
8, 8, 8, 8, 8, 1, 1, 1, 1, 1, 11, 11, 11, 11, 11, 13, 13, 13, 13, 13, 15, 15, 15, 15, 15, 6, 6, 6, 6, 6, 4, 4, 4, 4, 4, 2, 2, 2, 2, 2
8, 8, 8, 8, 8, 1, 1, 1, 1, 1, 11, 11, 11, 11, 11, 13, 13, 13, 13, 13, 15, 15, 15, 15, 15, 6, 6, 6, 6, 6, 4, 4, 4, 4, 4, 2, 2, 2, 2, 2
12
5, 10, 450
15, 10, 825
15, 15, 1800
5, 20, 675
10, 15, 1450
15, 10, 1075
10, 15, 775
5, 20, 700
15, 5, 450
10, 5, 350
15, 20, 1625
15, 15, 1350
