48
64
9, 9, 9, 9, 9, 9, 9, 9, 15, 15, 15, 15, 15, 15, 15, 15, 11, 11, 11, 11, 11, 11, 11, 11, 4, 4, 4, 4, 4, 4, 4, 4, 13, 13, 13, 13, 13, 13, 13, 13, 11, 11, 11, 11, 11, 11, 11, 11, 12, 12, 12, 12, 12, 12, 12, 12, 12, 12, 12, 12, 12, 12, 12, 12
9, 9, 9, 9, 9, 9, 9, 9, 15, 15, 15, 15, 15, 15, 15, 15, 11, 11, 11, 11, 11, 11, 11, 11, 4, 4, 4, 4, 4, 4, 4, 4, 13, 13, 13, 13, 13, 13, 13, 13, 11, 11, 11, 11, 11, 11, 11, 11, 12, 12, 12, 12, 12, 12, 12, 12, 12, 12, 12, 12, 12, 12, 12, 12
9, 9, 9, 9, 9, 9, 9, 9, 15, 15, 15, 15, 15, 15, 15, 15, 11, 11, 11, 11, 11, 11, 11, 11, 4, 4, 4, 4, 4, 4, 4, 4, 13, 13, 13, 13, 13, 13, 13, 13, 11, 11, 11, 11, 11, 11, 11, 11, 12, 12, 12, 12, 12, 12, 12, 12, 12, 12, 12, 12, 12, 12, 12, 12
9, 9, 9, 9, 9, 9, 9, 9, 15, 15, 15, 15, 15, 15, 15, 15, 11, 11, 11, 11, 11, 11, 11, 11, 4, 4, 4, 4, 4, 4, 4, 4, 13, 13, 13, 13, 13, 13, 13, 13, 11, 11, 11, 11, 11, 11, 11, 11, 12, 12, 12, 12, 12, 12, 12, 12, 12, 12, 12, 12, 12, 12, 12, 12
9, 9, 9, 9, 9, 9, 9, 9, 15, 15, 15, 15, 15, 15, 15, 15, 11, 11, 11, 11, 11, 11, 11, 11, 4, 4, 4, 4, 4, 4, 4, 4, 13, 13, 13, 13, 13, 13, 13, 13, 11, 11, 11, 11, 11, 11, 11, 11, 12, 12, 12, 12, 12, 12, 12, 12, 12, 12, 12, 12, 12, 12, 12, 12
9, 9, 9, 9, 9, 9, 9, 9, 15, 15, 15, 15, 15, 15, 15, 15, 11, 11, 11, 11, 11, 11, 11, 11, 4, 4, 4, 4, 4, 4, 4, 4, 13, 13, 13, 13, 13, 13, 13, 13, 11, 11, 11, 11, 11, 11, 11, 11, 12, 12, 12, 12, 12, 12, 12, 12, 12, 12, 12, 12, 12, 12, 12, 12
9, 9, 9, 9, 9, 9, 9, 9, 15, 15, 15, 15, 15, 15, 15, 15, 11, 11, 11, 11, 11, 11, 11, 11, 4, 4, 4, 4, 4, 4, 4, 4, 13, 13, 13, 13, 13, 13, 13, 13, 11, 11, 11, 11, 11, 11, 11, 11, 12, 12, 12, 12, 12, 12, 12, 12, 12, 12, 12, 12, 12, 12, 12, 12
9, 9, 9, 9, 9, 9, 9, 9, 15, 15, 15, 15, 15, 15, 15, 15, 11, 11, 11, 11, 11, 11, 11, 11, 4, 4, 4, 4, 4, 4, 4, 4, 13, 13, 13, 13, 13, 13, 13, 13, 11, 11, 11, 11, 11, 11, 11, 11, 12, 12, 12, 12, 12, 12, 12, 12, 12, 12, 12, 12, 12, 12, 12, 12
18, 18, 18, 18, 18, 18, 18, 18, 10, 10, 10, 10, 10, 10, 10, 10, 18, 18, 18, 18, 18, 18, 18, 18, 1, 1, 1, 1, 1, 1, 1, 1, 19, 19, 19, 19, 19, 19, 19, 19, 13, 13, 13, 13, 13, 13, 13, 13, 10, 10, 10, 10, 10, 10, 10, 10, 9, 9, 9, 9, 9, 9, 9, 9
18, 18, 18, 18, 18, 18, 18, 18, 10, 10, 10, 10, 10, 10, 10, 10, 18, 18, 18, 18, 18, 18, 18, 18, 1, 1, 1, 1, 1, 1, 1, 1, 19, 19, 19, 19, 19, 19, 19, 19, 13, 13, 13, 13, 13, 13, 13, 13, 10, 10, 10, 10, 10, 10, 10, 10, 9, 9, 9, 9, 9, 9, 9, 9
18, 18, 18, 18, 18, 18, 18, 18, 10, 10, 10, 10, 10, 10, 10, 10, 18, 18, 18, 18, 18, 18, 18, 18, 1, 1, 1, 1, 1, 1, 1, 1, 19, 19, 19, 19, 19, 19, 19, 19, 13, 13, 13, 13, 13, 13, 13, 13, 10, 10, 10, 10, 10, 10, 10, 10, 9, 9, 9, 9, 9, 9, 9, 9
18, 18, 18, 18, 18, 18, 18, 18, 10, 10, 10, 10, 10, 10, 10, 10, 18, 18, 18, 18, 18, 18, 18, 18, 1, 1, 1, 1, 1, 1, 1, 1, 19, 19, 19, 19, 19, 19, 19, 19, 13, 13, 13, 13, 13, 13, 13, 13, 10, 10, 10, 10, 10, 10, 10, 10, 9, 9, 9, 9, 9, 9, 9, 9
18, 18, 18, 18, 18, 18, 18, 18, 10, 10, 10, 10, 10, 10, 10, 10, 18, 18, 18, 18, 18, 18, 18, 18, 1, 1, 1, 1, 1, 1, 1, 1, 19, 19, 19, 19, 19, 19, 19, 19, 13, 13, 13, 13, 13, 13, 13, 13, 10, 10, 10, 10, 10, 10, 10, 10, 9, 9, 9, 9, 9, 9, 9, 9
18, 18, 18, 18, 18, 18, 18, 18, 10, 10, 10, 10, 10, 10, 10, 10, 18, 18, 18, 18, 18, 18, 18, 18, 1, 1, 1, 1, 1, 1, 1, 1, 19, 19, 19, 19, 19, 19, 19, 19, 13, 13, 13, 13, 13, 13, 13, 13, 10, 10, 10, 10, 10, 10, 10, 10, 9, 9, 9, 9, 9, 9, 9, 9
18, 18, 18, 18, 18, 18, 18, 18, 10, 10, 10, 10, 10, 10, 10, 10, 18, 18, 18, 18, 18, 18, 18, 18, 1, 1, 1, 1, 1, 1, 1, 1, 19, 19, 19, 19, 19, 19, 19, 19, 13, 13, 13, 13, 13, 13, 13, 13, 10, 10, 10, 10, 10, 10, 10, 10, 9, 9, 9, 9, 9, 9, 9, 9
18, 18, 18, 18, 18, 18, 18, 18, 10, 10, 10, 10, 10, 10, 10, 10, 18, 18, 18, 18, 18, 18, 18, 18, 1, 1, 1, 1, 1, 1, 1, 1, 19, 19, 19, 19, 19, 19, 19, 19, 13, 13, 13, 13, 13, 13, 13, 13, 10, 10, 10, 10, 10, 10, 10, 10, 9, 9, 9, 9, 9, 9, 9, 9
8, 8, 8, 8, 8, 8, 8, 8, 14, 14, 14, 14, 14, 14, 14, 14, 4, 4, 4, 4, 4, 4, 4, 4, 13, 13, 13, 13, 13, 13, 13, 13, 9, 9, 9, 9, 9, 9, 9, 9, 14, 14, 14, 14, 14, 14, 14, 14, 3, 3, 3, 3, 3, 3, 3, 3, 10, 10, 10, 10, 10, 10, 10, 10
8, 8, 8, 8, 8, 8, 8, 8, 14, 14, 14, 14, 14, 14, 14, 14, 4, 4, 4, 4, 4, 4, 4, 4, 13, 13, 13, 13, 13, 13, 13, 13, 9, 9, 9, 9, 9, 9, 9, 9, 14, 14, 14, 14, 14, 14, 14, 14, 3, 3, 3, 3, 3, 3, 3, 3, 10, 10, 10, 10, 10, 10, 10, 10
8, 8, 8, 8, 8, 8, 8, 8, 14, 14, 14, 14, 14, 14, 14, 14, 4, 4, 4, 4, 4, 4, 4, 4, 13, 13, 13, 13, 13, 13, 13, 13, 9, 9, 9, 9, 9, 9, 9, 9, 14, 14, 14, 14, 14, 14, 14, 14, 3, 3, 3, 3, 3, 3, 3, 3, 10, 10, 10, 10, 10, 10, 10, 10
8, 8, 8, 8, 8, 8, 8, 8, 14, 14, 14, 14, 14, 14, 14, 14, 4, 4, 4, 4, 4, 4, 4, 4, 13, 13, 13, 13, 13, 13, 13, 13, 9, 9, 9, 9, 9, 9, 9, 9, 14, 14, 14, 14, 14, 14, 14, 14, 3, 3, 3, 3, 3, 3, 3, 3, 10, 10, 10, 10, 10, 10, 10, 10
8, 8, 8, 8, 8, 8, 8, 8, 14, 14, 14, 14, 14, 14, 14, 14, 4, 4, 4, 4, 4, 4, 4, 4, 13, 13, 13, 13, 13, 13, 13, 13, 9, 9, 9, 9, 9, 9, 9, 9, 14, 14, 14, 14, 14, 14, 14, 14, 3, 3, 3, 3, 3, 3, 3, 3, 10, 10, 10, 10, 10, 10, 10, 10
8, 8, 8, 8, 8, 8, 8, 8, 14, 14, 14, 14, 14, 14, 14, 14, 4, 4, 4, 4, 4, 4, 4, 4, 13, 13, 13, 13, 13, 13, 13, 13, 9, 9, 9, 9, 9, 9, 9, 9, 14, 14, 14, 14, 14, 14, 14, 14, 3, 3, 3, 3, 3, 3, 3, 3, 10, 10, 10, 10, 10, 10, 10, 10
8, 8, 8, 8, 8, 8, 8, 8, 14, 14, 14, 14, 14, 14, 14, 14, 4, 4, 4, 4, 4, 4, 4, 4, 13, 13, 13, 13, 13, 13, 13, 13, 9, 9, 9, 9, 9, 9, 9, 9, 14, 14, 14, 14, 14, 14, 14, 14, 3, 3, 3, 3, 3, 3, 3, 3, 10, 10, 10, 10, 10, 10, 10, 10
8, 8, 8, 8, 8, 8, 8, 8, 14, 14, 14, 14, 14, 14, 14, 14, 4, 4, 4, 4, 4, 4, 4, 4, 13, 13, 13, 13, 13, 13, 13, 13, 9, 9, 9, 9, 9, 9, 9, 9, 14, 14, 14, 14, 14, 14, 14, 14, 3, 3, 3, 3, 3, 3, 3, 3, 10, 10, 10, 10, 10, 10, 10, 10
4, 4, 4, 4, 4, 4, 4, 4, 5, 5, 5, 5, 5, 5, 5, 5, 2, 2, 2, 2, 2, 2, 2, 2, 18, 18, 18, 18, 18, 18, 18, 18, 13, 13, 13, 13, 13, 13, 13, 13, 2, 2, 2, 2, 2, 2, 2, 2, 2, 2, 2, 2, 2, 2, 2, 2, 9, 9, 9, 9, 9, 9, 9, 9
4, 4, 4, 4, 4, 4, 4, 4, 5, 5, 5, 5, 5, 5, 5, 5, 2, 2, 2, 2, 2, 2, 2, 2, 18, 18, 18, 18, 18, 18, 18, 18, 13, 13, 13, 13, 13, 13, 13, 13, 2, 2, 2, 2, 2, 2, 2, 2, 2, 2, 2, 2, 2, 2, 2, 2, 9, 9, 9, 9, 9, 9, 9, 9
4, 4, 4, 4, 4, 4, 4, 4, 5, 5, 5, 5, 5, 5, 5, 5, 2, 2, 2, 2, 2, 2, 2, 2, 18, 18, 18, 18, 18, 18, 18, 18, 13, 13, 13, 13, 13, 13, 13, 13, 2, 2, 2, 2, 2, 2, 2, 2, 2, 2, 2, 2, 2, 2, 2, 2, 9, 9, 9, 9, 9, 9, 9, 9
4, 4, 4, 4, 4, 4, 4, 4, 5, 5, 5, 5, 5, 5, 5, 5, 2, 2, 2, 2, 2, 2, 2, 2, 18, 18, 18, 18, 18, 18, 18, 18, 13, 13, 13, 13, 13, 13, 13, 13, 2, 2, 2, 2, 2, 2, 2, 2, 2, 2, 2, 2, 2, 2, 2, 2, 9, 9, 9, 9, 9, 9, 9, 9
4, 4, 4, 4, 4, 4, 4, 4, 5, 5, 5, 5, 5, 5, 5, 5, 2, 2, 2, 2, 2, 2, 2, 2, 18, 18, 18, 18, 18, 18, 18, 18, 13, 13, 13, 13, 13, 13, 13, 13, 2, 2, 2, 2, 2, 2, 2, 2, 2, 2, 2, 2, 2, 2, 2, 2, 9, 9, 9, 9, 9, 9, 9, 9
4, 4, 4, 4, 4, 4, 4, 4, 5, 5, 5, 5, 5, 5, 5, 5, 2, 2, 2, 2, 2, 2, 2, 2, 18, 18, 18, 18, 18, 18, 18, 18, 13, 13, 13, 13, 13, 13, 13, 13, 2, 2, 2, 2, 2, 2, 2, 2, 2, 2, 2, 2, 2, 2, 2, 2, 9, 9, 9, 9, 9, 9, 9, 9
4, 4, 4, 4, 4, 4, 4, 4, 5, 5, 5, 5, 5, 5, 5, 5, 2, 2, 2, 2, 2, 2, 2, 2, 18, 18, 18, 18, 18, 18, 18, 18, 13, 13, 13, 13, 13, 13, 13, 13, 2, 2, 2, 2, 2, 2, 2, 2, 2, 2, 2, 2, 2, 2, 2, 2, 9, 9, 9, 9, 9, 9, 9, 9
4, 4, 4, 4, 4, 4, 4, 4, 5, 5, 5, 5, 5, 5, 5, 5, 2, 2, 2, 2, 2, 2, 2, 2, 18, 18, 18, 18, 18, 18, 18, 18, 13, 13, 13, 13, 13, 13, 13, 13, 2, 2, 2, 2, 2, 2, 2, 2, 2, 2, 2, 2, 2, 2, 2, 2, 9, 9, 9, 9, 9, 9, 9, 9
11, 11, 11, 11, 11, 11, 11, 11, 8, 8, 8, 8, 8, 8, 8, 8, 13, 13, 13, 13, 13, 13, 13, 13, 8, 8, 8, 8, 8, 8, 8, 8, 12, 12, 12, 12, 12, 12, 12, 12, 19, 19, 19, 19, 19, 19, 19, 19, 18, 18, 18, 18, 18, 18, 18, 18, 20, 20, 20, 20, 20, 20, 20, 20
11, 11, 11, 11, 11, 11, 11, 11, 8, 8, 8, 8, 8, 8, 8, 8, 13, 13, 13, 13, 13, 13, 13, 13, 8, 8, 8, 8, 8, 8, 8, 8, 12, 12, 12, 12, 12, 12, 12, 12, 19, 19, 19, 19, 19, 19, 19, 19, 18, 18, 18, 18, 18, 18, 18, 18, 20, 20, 20, 20, 20, 20, 20, 20
11, 11, 11, 11, 11, 11, 11, 11, 8, 8, 8, 8, 8, 8, 8, 8, 13, 13, 13, 13, 13, 13, 13, 13, 8, 8, 8, 8, 8, 8, 8, 8, 12, 12, 12, 12, 12, 12, 12, 12, 19, 19, 19, 19, 19, 19, 19, 19, 18, 18, 18, 18, 18, 18, 18, 18, 20, 20, 20, 20, 20, 20, 20, 20
11, 11, 11, 11, 11, 11, 11, 11, 8, 8, 8, 8, 8, 8, 8, 8, 13, 13, 13, 13, 13, 13, 13, 13, 8, 8, 8, 8, 8, 8, 8, 8, 12, 12, 12, 12, 12, 12, 12, 12, 19, 19, 19, 19, 19, 19, 19, 19, 18, 18, 18, 18, 18, 18, 18, 18, 20, 20, 20, 20, 20, 20, 20, 20
11, 11, 11, 11, 11, 11, 11, 11, 8, 8, 8, 8, 8, 8, 8, 8, 13, 13, 13, 13, 13, 13, 13, 13, 8, 8, 8, 8, 8, 8, 8, 8, 12, 12, 12, 12, 12, 12, 12, 12, 19, 19, 19, 19, 19, 19, 19, 19, 18, 18, 18, 18, 18, 18, 18, 18, 20, 20, 20, 20, 20, 20, 20, 20
11, 11, 11, 11, 11, 11, 11, 11, 8, 8, 8, 8, 8, 8, 8, 8, 13, 13, 13, 13, 13, 13, 13, 13, 8, 8, 8, 8, 8, 8, 8, 8, 12, 12, 12, 12, 12, 12, 12, 12, 19, 19, 19, 19, 19, 19, 19, 19, 18, 18, 18, 18, 18, 18, 18, 18, 20, 20, 20, 20, 20, 20, 20, 20
11, 11, 11, 11, 11, 11, 11, 11, 8, 8, 8, 8, 8, 8, 8, 8, 13, 13, 13, 13, 13, 13, 13, 13, 8, 8, 8, 8, 8, 8, 8, 8, 12, 12, 12, 12, 12, 12, 12, 12, 19, 19, 19, 19, 19, 19, 19, 19, 18, 18, 18, 18, 18, 18, 18, 18, 20, 20, 20, 20, 20, 20, 20, 20
11, 11, 11, 11, 11, 11, 11, 11, 8, 8, 8, 8, 8, 8, 8, 8, 13, 13, 13, 13, 13, 13, 13, 13, 8, 8, 8, 8, 8, 8, 8, 8, 12, 12, 12, 12, 12, 12, 12, 12, 19, 19, 19, 19, 19, 19, 19, 19, 18, 18, 18, 18, 18, 18, 18, 18, 20, 20, 20, 20, 20, 20, 20, 20
8, 8, 8, 8, 8, 8, 8, 8, 1, 1, 1, 1, 1, 1, 1, 1, 11, 11, 11, 11, 11, 11, 11, 11, 13, 13, 13, 13, 13, 13, 13, 13, 15, 15, 15, 15, 15, 15, 15, 15, 6, 6, 6, 6, 6, 6, 6, 6, 4, 4, 4, 4, 4, 4, 4, 4, 2, 2, 2, 2, 2, 2, 2, 2
8, 8, 8, 8, 8, 8, 8, 8, 1, 1, 1, 1, 1, 1, 1, 1, 11, 11, 11, 11, 11, 11, 11, 11, 13, 13, 13, 13, 13, 13, 13, 13, 15, 15, 15, 15, 15, 15, 15, 15, 6, 6, 6, 6, 6, 6, 6, 6, 4, 4, 4, 4, 4, 4, 4, 4, 2, 2, 2, 2, 2, 2, 2, 2
8, 8, 8, 8, 8, 8, 8, 8, 1, 1, 1, 1, 1, 1, 1, 1, 11, 11, 11, 11, 11, 11, 11, 11, 13, 13, 13, 13, 13, 13, 13, 13, 15, 15, 15, 15, 15, 15, 15, 15, 6, 6, 6, 6, 6, 6, 6, 6, 4, 4, 4, 4, 4, 4, 4, 4, 2, 2, 2, 2, 2, 2, 2, 2
8, 8, 8, 8, 8, 8, 8, 8, 1, 1, 1, 1, 1, 1, 1, 1, 11, 11, 11, 11, 11, 11, 11, 11, 13, 13, 13, 13, 13, 13, 13, 13, 15, 15, 15, 15, 15, 15, 15, 15, 6, 6, 6, 6, 6, 6, 6, 6, 4, 4, 4, 4, 4, 4, 4, 4, 2, 2, 2, 2, 2, 2, 2, 2
8, 8, 8, 8, 8, 8, 8, 8, 1, 1, 1, 1, 1, 1, 1, 1, 11, 11, 11, 11, 11, 11, 11, 11, 13, 13, 13, 13, 13, 13, 13, 13, 15, 15, 15, 15, 15, 15, 15, 15, 6, 6, 6, 6, 6, 6, 6, 6, 4, 4, 4, 4, 4, 4, 4, 4, 2, 2, 2, 2, 2, 2, 2, 2
8, 8, 8, 8, 8, 8, 8, 8, 1, 1, 1, 1, 1, 1, 1, 1, 11, 11, 11, 11, 11, 11, 11, 11, 13, 13, 13, 13, 13, 13, 13, 13, 15, 15, 15, 15, 15, 15, 15, 15, 6, 6, 6, 6, 6, 6, 6, 6, 4, 4, 4, 4, 4, 4, 4, 4, 2, 2, 2, 2, 2, 2, 2, 2
8, 8, 8, 8, 8, 8, 8, 8, 1, 1, 1, 1, 1, 1, 1, 1, 11, 11, 11, 11, 11, 11, 11, 11, 13, 13, 13, 13, 13, 13, 13, 13, 15, 15, 15, 15, 15, 15, 15, 15, 6, 6, 6, 6, 6, 6, 6, 6, 4, 4, 4, 4, 4, 4, 4, 4, 2, 2, 2, 2, 2, 2, 2, 2
8, 8, 8, 8, 8, 8, 8, 8, 1, 1, 1, 1, 1, 1, 1, 1, 11, 11, 11, 11, 11, 11, 11, 11, 13, 13, 13, 13, 13, 13, 13, 13, 15, 15, 15, 15, 15, 15, 15, 15, 6, 6, 6, 6, 6, 6, 6, 6, 4, 4, 4, 4, 4, 4, 4, 4, 2, 2, 2, 2, 2, 2, 2, 2
12
8, 16, 1152
24, 16, 2112
24, 24, 4608
8, 32, 1728
16, 24, 3712
24, 16, 2752
16, 24, 1984
8, 32, 1792
24, 8, 1152
16, 8, 896
24, 32, 4160
24, 24, 3456
