40
60
658, 681, 703, 727, 750, 774, 798, 823, 848, 873, 899, 925, 951, 978, 1005, 1033, 1061, 1089, 1118, 1147, 1177, 1206, 1237, 1267, 1298, 1330, 1361, 1393, 1426, 1459, 1492, 1525, 1559, 1594, 1628, 1663, 1699, 1735, 1771, 1807, 1844, 1882, 1919, 1957, 1996, 2035, 2074, 2113, 2153, 2194, 2234, 2275, 2317, 2358, 2401, 2443, 2486, 2529, 2573, 2617
628, 650, 672, 694, 717, 741, 764, 788, 813, 838, 863, 889, 914, 941, 967, 995, 1022, 1050, 1078, 1107, 1136, 1165, 1195, 1225, 1255, 1286, 1317, 1349, 1381, 1413, 1446, 1479, 1512, 1546, 1580, 1615, 1649, 1685, 1720, 1756, 1793, 1830, 1867, 1904, 1942, 1980, 2019, 2058, 2098, 2137, 2177, 2218, 2259, 2300, 2342, 2384, 2426, 2469, 2512, 2556
598, 619, 641, 663, 685, 708, 731, 755, 779, 803, 828, 853, 878, 904, 930, 957, 984, 1011, 1039, 1067, 1095, 1124, 1153, 1183, 1213, 1243, 1274, 1305, 1336, 1368, 1400, 1433, 1465, 1499, 1532, 1566, 1601, 1636, 1671, 1706, 1742, 1778, 1815, 1852, 1889, 1927, 1965, 2004, 2043, 2082, 2122, 2162, 2202, 2243, 2284, 2325, 2367, 2409, 2452, 2495
569, 590, 611, 632, 654, 677, 699, 722, 746, 770, 794, 818, 843, 868, 894, 920, 947, 973, 1000, 1028, 1056, 1084, 1113, 1142, 1171, 1201, 1231, 1262, 1293, 1324, 1355, 1387, 1420, 1453, 1486, 1519, 1553, 1587, 1622, 1657, 1692, 1728, 1764, 1801, 1838, 1875, 1912, 1950, 1989, 2027, 2067, 2106, 2146, 2186, 2227, 2268, 2309, 2351, 2393, 2435
541, 561, 582, 603, 624, 646, 668, 691, 713, 737, 760, 784, 809, 834, 859, 884, 910, 936, 963, 990, 1017, 1045, 1073, 1102, 1131, 1160, 1189, 1219, 1250, 1281, 1312, 1343, 1375, 1407, 1440, 1473, 1506, 1540, 1574, 1609, 1643, 1679, 1714, 1750, 1786, 1823, 1860, 1898, 1936, 1974, 2012, 2051, 2091, 2130, 2170, 2211, 2252, 2293, 2334, 2376
513, 533, 553, 574, 595, 616, 638, 660, 682, 705, 728, 751, 775, 800, 824, 849, 874, 900, 926, 953, 980, 1007, 1035, 1062, 1091, 1120, 1149, 1178, 1208, 1238, 1269, 1300, 1331, 1363, 1395, 1427, 1460, 1493, 1527, 1561, 1595, 1630, 1665, 1700, 1736, 1772, 1809, 1846, 1883, 1921, 1959, 1997, 2036, 2075, 2115, 2155, 2195, 2236, 2277, 2318
487, 506, 526, 546, 566, 587, 608, 630, 651, 674, 696, 719, 743, 766, 790, 815, 840, 865, 891, 917, 943, 970, 997, 1024, 1052, 1080, 1109, 1138, 1167, 1197, 1227, 1257, 1288, 1319, 1351, 1383, 1415, 1448, 1481, 1514, 1548, 1582, 1617, 1652, 1687, 1723, 1759, 1795, 1832, 1869, 1907, 1944, 1983, 2021, 2060, 2100, 2140, 2180, 2220, 2261
462, 480, 499, 519, 539, 559, 579, 600, 622, 643, 666, 688, 711, 734, 758, 782, 806, 831, 856, 881, 907, 933, 960, 987, 1014, 1042, 1070, 1098, 1127, 1156, 1186, 1215, 1246, 1276, 1307, 1339, 1371, 1403, 1435, 1468, 1502, 1535, 1569, 1604, 1638, 1674, 1709, 1745, 1781, 1818, 1855, 1892, 1930, 1968, 2007, 2046, 2085, 2125, 2165, 2205
437, 455, 474, 493, 512, 532, 552, 572, 593, 614, 636, 658, 680, 703, 726, 749, 773, 797, 822, 846, 872, 897, 923, 950, 977, 1004, 1031, 1059, 1088, 1116, 1145, 1175, 1204, 1235, 1265, 1296, 1327, 1359, 1391, 1423, 1456, 1489, 1523, 1557, 1591, 1625, 1660, 1696, 1732, 1768, 1804, 1841, 1878, 1916, 1954, 1992, 2031, 2070, 2110, 2149
413, 431, 449, 467, 486, 505, 525, 545, 565, 586, 607, 628, 650, 672, 694, 717, 741, 764, 788, 813, 837, 863, 888, 914, 940, 967, 994, 1021, 1049, 1077, 1106, 1135, 1164, 1193, 1223, 1254, 1285, 1316, 1347, 1379, 1411, 1444, 1477, 1510, 1544, 1578, 1613, 1647, 1683, 1718, 1754, 1791, 1827, 1864, 1902, 1940, 1978, 2017, 2055, 2095
390, 407, 425, 443, 461, 480, 499, 518, 538, 558, 578, 599, 621, 642, 664, 687, 709, 732, 756, 780, 804, 829, 854, 879, 905, 931, 957, 984, 1012, 1039, 1067, 1095, 1124, 1153, 1183, 1213, 1243, 1273, 1304, 1336, 1367, 1400, 1432, 1465, 1498, 1532, 1566, 1600, 1635, 1670, 1705, 1741, 1777, 1814, 1851, 1888, 1926, 1964, 2002, 2041
368, 385, 402, 419, 437, 455, 473, 492, 511, 531, 551, 571, 592, 613, 635, 657, 679, 701, 724, 748, 772, 796, 820, 845, 870, 896, 922, 948, 975, 1002, 1029, 1057, 1085, 1114, 1143, 1172, 1202, 1232, 1262, 1293, 1324, 1356, 1388, 1420, 1453, 1486, 1520, 1553, 1588, 1622, 1657, 1692, 1728, 1764, 1800, 1837, 1874, 1912, 1950, 1988
347, 363, 379, 396, 413, 431, 449, 467, 486, 505, 525, 544, 565, 585, 606, 628, 649, 671, 694, 717, 740, 763, 787, 812, 836, 861, 887, 913, 939, 965, 992, 1020, 1047, 1075, 1104, 1133, 1162, 1191, 1221, 1252, 1282, 1313, 1345, 1377, 1409, 1441, 1474, 1508, 1541, 1575, 1610, 1644, 1680, 1715, 1751, 1787, 1824, 1861, 1898, 1936
326, 342, 358, 374, 391, 408, 425, 443, 461, 480, 499, 518, 538, 558, 578, 599, 620, 642, 664, 686, 709, 732, 755, 779, 803, 828, 853, 878, 904, 930, 956, 983, 1010, 1038, 1066, 1094, 1123, 1152, 1181, 1211, 1241, 1272, 1303, 1334, 1365, 1397, 1430, 1463, 1496, 1529, 1563, 1597, 1632, 1667, 1702, 1738, 1774, 1811, 1848, 1885
307, 322, 337, 353, 369, 386, 403, 420, 438, 456, 474, 493, 512, 532, 552, 572, 593, 614, 635, 657, 679, 701, 724, 748, 771, 795, 820, 845, 870, 895, 921, 947, 974, 1001, 1028, 1056, 1084, 1113, 1142, 1171, 1201, 1231, 1261, 1292, 1323, 1354, 1386, 1419, 1451, 1484, 1518, 1551, 1585, 1620, 1655, 1690, 1726, 1762, 1798, 1835
288, 302, 317, 333, 348, 364, 381, 398, 415, 432, 450, 468, 487, 506, 526, 545, 565, 586, 607, 628, 650, 672, 694, 717, 740, 764, 788, 812, 836, 861, 887, 913, 939, 965, 992, 1019, 1047, 1075, 1103, 1132, 1161, 1191, 1220, 1251, 1281, 1312, 1344, 1375, 1407, 1440, 1473, 1506, 1540, 1574, 1608, 1643, 1678, 1713, 1749, 1785
270, 284, 299, 313, 328, 344, 360, 376, 393, 410, 427, 445, 463, 482, 500, 520, 539, 559, 580, 600, 622, 643, 665, 687, 710, 733, 756, 780, 804, 828, 853, 879, 904, 930, 956, 983, 1010, 1038, 1066, 1094, 1122, 1151, 1181, 1210, 1240, 1271, 1302, 1333, 1365, 1396, 1429, 1461, 1495, 1528, 1562, 1596, 1631, 1666, 1701, 1737
253, 267, 280, 295, 309, 324, 340, 355, 372, 388, 405, 422, 440, 458, 476, 495, 514, 533, 553, 574, 594, 615, 636, 658, 680, 703, 726, 749, 772, 796, 821, 845, 870, 896, 922, 948, 974, 1001, 1029, 1056, 1085, 1113, 1142, 1171, 1201, 1230, 1261, 1291, 1322, 1354, 1386, 1418, 1450, 1483, 1517, 1550, 1584, 1619, 1654, 1689
237, 250, 263, 277, 291, 306, 320, 336, 351, 367, 384, 400, 417, 435, 453, 471, 489, 508, 528, 547, 568, 588, 609, 630, 652, 674, 696, 719, 742, 765, 789, 813, 838, 863, 888, 914, 940, 966, 993, 1020, 1047, 1075, 1104, 1132, 1161, 1191, 1221, 1251, 1281, 1312, 1344, 1375, 1407, 1440, 1472, 1506, 1539, 1573, 1607, 1642
222, 234, 247, 260, 274, 288, 302, 317, 332, 347, 363, 379, 396, 413, 430, 448, 466, 484, 503, 522, 542, 562, 582, 603, 624, 645, 667, 689, 712, 735, 758, 782, 806, 830, 855, 880, 905, 931, 958, 984, 1011, 1039, 1067, 1095, 1123, 1152, 1181, 1211, 1241, 1271, 1302, 1333, 1365, 1397, 1429, 1462, 1495, 1528, 1562, 1596
207, 219, 231, 244, 257, 271, 284, 299, 313, 328, 343, 359, 375, 392, 408, 426, 443, 461, 479, 498, 517, 536, 556, 576, 597, 618, 639, 661, 683, 705, 728, 751, 774, 798, 823, 847, 872, 898, 923, 950, 976, 1003, 1030, 1058, 1086, 1114, 1143, 1172, 1202, 1231, 1262, 1292, 1323, 1355, 1386, 1418, 1451, 1484, 1517, 1551
194, 205, 217, 229, 242, 254, 268, 281, 295, 310, 325, 340, 355, 371, 387, 404, 421, 439, 456, 474, 493, 512, 531, 551, 571, 591, 612, 633, 654, 676, 699, 721, 744, 768, 791, 815, 840, 865, 890, 916, 942, 968, 995, 1022, 1049, 1077, 1105, 1134, 1163, 1192, 1222, 1252, 1283, 1313, 1345, 1376, 1408, 1440, 1473, 1506
181, 192, 203, 215, 227, 239, 252, 265, 279, 292, 307, 321, 336, 352, 367, 384, 400, 417, 434, 452, 470, 488, 507, 526, 545, 565, 586, 606, 627, 649, 670, 692, 715, 738, 761, 784, 808, 833, 857, 883, 908, 934, 960, 987, 1014, 1041, 1069, 1097, 1125, 1154, 1183, 1213, 1243, 1273, 1304, 1335, 1366, 1398, 1430, 1463
169, 179, 190, 201, 213, 225, 237, 250, 262, 276, 290, 304, 318, 333, 348, 364, 380, 396, 413, 430, 447, 465, 484, 502, 521, 540, 560, 580, 601, 622, 643, 664, 686, 709, 731, 754, 778, 802, 826, 850, 875, 901, 926, 952, 979, 1006, 1033, 1060, 1088, 1117, 1145, 1174, 1204, 1233, 1264, 1294, 1325, 1356, 1388, 1420
158, 168, 178, 189, 200, 211, 223, 235, 247, 260, 273, 287, 301, 315, 330, 345, 360, 376, 393, 409, 426, 443, 461, 479, 498, 516, 536, 555, 575, 595, 616, 637, 659, 680, 703, 725, 748, 771, 795, 819, 843, 868, 893, 919, 945, 971, 998, 1025, 1052, 1080, 1108, 1137, 1166, 1195, 1224, 1254, 1285, 1316, 1347, 1378
148, 157, 167, 177, 187, 198, 209, 221, 233, 245, 258, 271, 284, 298, 312, 327, 342, 357, 373, 389, 405, 422, 439, 457, 475, 493, 512, 531, 550, 570, 590, 611, 632, 653, 675, 697, 719, 742, 765, 788, 812, 837, 861, 886, 912, 937, 964, 990, 1017, 1044, 1072, 1100, 1128, 1157, 1186, 1216, 1246, 1276, 1306, 1337
139, 147, 157, 166, 176, 186, 197, 208, 219, 231, 243, 256, 269, 282, 296, 310, 324, 339, 354, 370, 386, 402, 419, 436, 453, 471, 489, 507, 526, 546, 565, 585, 606, 626, 648, 669, 691, 713, 736, 759, 782, 806, 830, 855, 879, 905, 930, 956, 983, 1009, 1037, 1064, 1092, 1120, 1149, 1178, 1207, 1237, 1267, 1297
130, 138, 147, 156, 165, 175, 185, 196, 207, 218, 230, 242, 254, 267, 280, 294, 308, 322, 336, 351, 367, 383, 399, 415, 432, 449, 467, 485, 503, 522, 541, 561, 581, 601, 621, 642, 664, 685, 708, 730, 753, 776, 800, 824, 848, 873, 898, 923, 949, 975, 1002, 1029, 1056, 1084, 1112, 1141, 1169, 1199, 1228, 1258
123, 130, 138, 147, 156, 165, 175, 185, 195, 206, 217, 228, 240, 253, 265, 278, 292, 305, 319, 334, 349, 364, 380, 396, 412, 429, 446, 463, 481, 499, 518, 537, 556, 576, 596, 617, 637, 659, 680, 702, 724, 747, 770, 794, 818, 842, 866, 891, 917, 942, 968, 995, 1022, 1049, 1076, 1104, 1133, 1161, 1190, 1220
116, 123, 131, 139, 147, 156, 165, 174, 184, 194, 205, 216, 227, 239, 251, 264, 276, 290, 303, 317, 332, 346, 361, 377, 393, 409, 425, 442, 460, 477, 496, 514, 533, 552, 572, 592, 612, 633, 654, 675, 697, 719, 742, 765, 788, 811, 836, 860, 885, 910, 935, 961, 988, 1014, 1041, 1069, 1097, 1125, 1153, 1182
110, 117, 124, 131, 139, 147, 156, 165, 174, 184, 194, 204, 215, 226, 238, 250, 262, 275, 288, 301, 315, 329, 344, 359, 374, 390, 406, 422, 439, 456, 474, 492, 510, 529, 548, 567, 587, 607, 628, 649, 670, 692, 714, 736, 759, 782, 806, 830, 854, 878, 904, 929, 955, 981, 1007, 1034, 1061, 1089, 1117, 1146
105, 111, 118, 125, 132, 140, 148, 156, 165, 174, 184, 194, 204, 215, 226, 237, 249, 261, 274, 287, 300, 314, 328, 342, 357, 372, 387, 403, 420, 436, 453, 471, 489, 507, 525, 544, 563, 583, 603, 623, 644, 665, 687, 709, 731, 754, 777, 800, 824, 848, 872, 897, 923, 948, 974, 1001, 1027, 1054, 1082, 1110
101, 106, 112, 119, 126, 133, 140, 148, 157, 165, 174, 184, 193, 204, 214, 225, 236, 248, 260, 272, 285, 298, 312, 326, 340, 355, 370, 385, 401, 417, 434, 450, 468, 485, 503, 522, 540, 560, 579, 599, 619, 640, 661, 682, 704, 726, 748, 771, 795, 818, 842, 867, 891, 916, 942, 968, 994, 1020, 1047, 1075
97, 102, 108, 114, 120, 127, 134, 141, 149, 157, 166, 175, 184, 194, 204, 214, 225, 236, 247, 259, 271, 284, 297, 310, 324, 338, 353, 368, 383, 399, 415, 431, 448, 465, 482, 500, 518, 537, 556, 575, 595, 615, 636, 656, 678, 699, 721, 744, 766, 789, 813, 837, 861, 885, 910, 936, 961, 987, 1014, 1041
95, 99, 105, 110, 116, 122, 128, 135, 142, 150, 158, 166, 175, 184, 194, 204, 214, 224, 235, 247, 259, 271, 283, 296, 309, 323, 337, 351, 366, 381, 396, 412, 428, 445, 462, 479, 497, 515, 534, 552, 572, 591, 611, 631, 652, 673, 695, 717, 739, 761, 784, 808, 831, 855, 880, 904, 930, 955, 981, 1007
93, 97, 102, 107, 112, 118, 124, 130, 137, 144, 151, 159, 167, 176, 185, 194, 204, 214, 224, 235, 247, 258, 270, 282, 295, 308, 322, 335, 350, 364, 379, 394, 410, 426, 443, 460, 477, 494, 512, 530, 549, 568, 588, 607, 628, 648, 669, 690, 712, 734, 757, 779, 802, 826, 850, 874, 899, 924, 949, 975
92, 96, 100, 104, 109, 114, 120, 125, 132, 138, 145, 153, 160, 168, 177, 186, 195, 204, 214, 225, 235, 246, 258, 270, 282, 294, 307, 321, 334, 348, 363, 378, 393, 408, 424, 440, 457, 474, 492, 509, 528, 546, 565, 584, 604, 624, 644, 665, 686, 708, 730, 752, 775, 798, 821, 845, 869, 893, 918, 944
93, 96, 99, 103, 107, 112, 117, 122, 128, 134, 140, 147, 154, 162, 170, 178, 187, 196, 205, 215, 225, 236, 246, 258, 269, 281, 294, 307, 320, 333, 347, 361, 376, 391, 407, 422, 438, 455, 472, 489, 507, 525, 543, 562, 581, 601, 620, 641, 661, 682, 704, 725, 748, 770, 793, 816, 840, 864, 888, 913
94, 96, 99, 102, 106, 110, 114, 119, 124, 130, 136, 142, 149, 156, 163, 171, 179, 188, 197, 206, 216, 226, 236, 247, 258, 269, 281, 293, 306, 319, 333, 346, 360, 375, 390, 405, 421, 437, 453, 470, 487, 504, 522, 540, 559, 578, 597, 617, 637, 658, 679, 700, 721, 743, 766, 788, 812, 835, 859, 883
95, 97, 100, 103, 106, 109, 113, 117, 122, 127, 132, 138, 144, 151, 158, 165, 173, 181, 189, 198, 207, 216, 226, 237, 247, 258, 269, 281, 293, 306, 319, 332, 346, 359, 374, 389, 404, 419, 435, 451, 468, 485, 502, 520, 538, 556, 575, 594, 614, 634, 654, 675, 696, 718, 739, 762, 784, 807, 830, 854
60
7, 3, 245
8, 7, 870
4, 11, 576
9, 1, 102
10, 3, 530
9, 11, 1504
4, 12, 621
6, 3, 192
2, 12, 479
7, 7, 623
9, 13, 1507
9, 4, 371
4, 15, 803
6, 11, 874
2, 6, 132
7, 2, 251
7, 7, 370
5, 11, 776
9, 2, 152
10, 4, 730
8, 11, 1404
4, 11, 321
6, 4, 292
2, 11, 579
7, 6, 723
9, 11, 1307
9, 5, 471
4, 14, 903
6, 12, 774
2, 7, 232
7, 3, 245
8, 7, 870
4, 11, 576
9, 1, 102
10, 3, 530
9, 11, 1504
4, 12, 621
6, 3, 192
2, 12, 479
7, 7, 623
9, 13, 1507
9, 4, 371
4, 15, 803
6, 11, 874
2, 6, 132
7, 2, 251
7, 7, 370
5, 11, 776
9, 2, 152
10, 4, 730
8, 11, 1404
4, 11, 321
6, 4, 292
2, 11, 579
7, 6, 723
9, 11, 1307
9, 5, 471
4, 14, 903
6, 12, 774
2, 7, 232
