40
60
0, 0, 0, 1, 2, 3, 4, 6, 8, 10, 12, 15, 18, 21, 24, 28, 32, 36, 40, 45, 49, 54, 59, 65, 71, 77, 83, 89, 96, 103, 110, 117, 125, 133, 141, 149, 158, 167, 176, 185, 195, 204, 214, 225, 235, 246, 257, 268, 279, 291, 303, 315, 328, 340, 353, 366, 380, 393, 407, 421
0, 0, 0, 0, 1, 1, 2, 4, 5, 7, 9, 11, 14, 17, 20, 23, 26, 30, 34, 38, 43, 47, 52, 57, 63, 68, 74, 80, 87, 93, 100, 107, 114, 122, 130, 138, 146, 154, 163, 172, 181, 191, 200, 210, 220, 231, 241, 252, 263, 275, 286, 298, 310, 323, 335, 348, 361, 374, 388, 402
0, 0, 0, 0, 0, 0, 1, 2, 3, 5, 6, 8, 11, 13, 16, 19, 22, 25, 29, 32, 37, 41, 45, 50, 55, 61, 66, 72, 78, 84, 91, 97, 104, 111, 119, 127, 134, 143, 151, 160, 169, 178, 187, 197, 206, 216, 227, 237, 248, 259, 270, 282, 294, 306, 318, 330, 343, 356, 369, 382
1, 1, 0, 0, 0, 0, 0, 1, 2, 3, 4, 6, 8, 10, 12, 15, 17, 21, 24, 27, 31, 35, 39, 44, 48, 53, 59, 64, 70, 76, 82, 88, 95, 102, 109, 116, 124, 131, 139, 148, 156, 165, 174, 183, 193, 203, 213, 223, 233, 244, 255, 266, 277, 289, 301, 313, 325, 338, 351, 364
3, 2, 1, 0, 0, 0, 0, 0, 1, 2, 3, 4, 5, 7, 9, 11, 14, 17, 19, 23, 26, 30, 34, 38, 42, 47, 52, 57, 62, 68, 73, 79, 86, 92, 99, 106, 113, 121, 129, 136, 145, 153, 162, 171, 180, 189, 199, 209, 219, 229, 240, 251, 262, 273, 285, 296, 308, 321, 333, 346
5, 4, 3, 2, 1, 0, 0, 0, 0, 1, 2, 2, 4, 5, 7, 9, 11, 13, 16, 19, 22, 25, 29, 32, 36, 41, 45, 50, 55, 60, 66, 71, 77, 84, 90, 97, 104, 111, 118, 126, 134, 142, 150, 159, 167, 176, 186, 195, 205, 215, 225, 236, 247, 258, 269, 280, 292, 304, 316, 328
8, 6, 5, 3, 2, 2, 1, 1, 1, 1, 1, 2, 2, 4, 5, 6, 8, 10, 13, 15, 18, 21, 24, 27, 31, 35, 39, 44, 48, 53, 58, 64, 69, 75, 81, 88, 94, 101, 108, 115, 123, 131, 139, 147, 156, 164, 173, 182, 192, 202, 211, 222, 232, 243, 254, 265, 276, 288, 299, 312
11, 9, 7, 6, 4, 3, 2, 2, 1, 1, 1, 1, 2, 3, 4, 5, 6, 8, 10, 12, 14, 17, 20, 23, 27, 30, 34, 38, 42, 47, 52, 57, 62, 68, 73, 79, 86, 92, 99, 106, 113, 120, 128, 136, 144, 153, 161, 170, 179, 189, 198, 208, 218, 228, 239, 250, 261, 272, 283, 295
15, 13, 11, 9, 7, 5, 4, 3, 2, 2, 2, 1, 2, 2, 3, 4, 5, 6, 8, 10, 12, 14, 17, 19, 22, 26, 29, 33, 37, 41, 46, 50, 55, 61, 66, 72, 78, 84, 90, 97, 104, 111, 118, 126, 133, 141, 150, 158, 167, 176, 185, 195, 205, 215, 225, 235, 246, 257, 268, 279
20, 17, 14, 12, 10, 8, 7, 5, 4, 3, 3, 2, 2, 2, 2, 3, 4, 5, 6, 8, 9, 11, 14, 16, 19, 22, 25, 28, 32, 36, 40, 44, 49, 54, 59, 64, 70, 76, 82, 88, 95, 101, 108, 116, 123, 131, 139, 147, 155, 164, 173, 182, 192, 201, 211, 221, 232, 242, 253, 264
25, 22, 19, 16, 14, 12, 10, 8, 6, 5, 4, 4, 3, 3, 3, 3, 3, 4, 5, 6, 8, 9, 11, 13, 16, 18, 21, 24, 28, 31, 35, 39, 43, 48, 53, 58, 63, 68, 74, 80, 86, 93, 99, 106, 113, 121, 128, 136, 144, 153, 161, 170, 179, 189, 198, 208, 218, 228, 239, 249
30, 27, 24, 21, 18, 15, 13, 11, 9, 8, 6, 5, 5, 4, 4, 4, 4, 4, 5, 5, 7, 8, 9, 11, 13, 16, 18, 21, 24, 27, 31, 34, 38, 42, 47, 52, 56, 62, 67, 73, 78, 85, 91, 97, 104, 111, 119, 126, 134, 142, 150, 159, 167, 176, 186, 195, 205, 215, 225, 235
36, 33, 29, 26, 23, 20, 17, 15, 13, 11, 9, 8, 7, 6, 5, 5, 4, 4, 5, 5, 6, 7, 8, 10, 11, 13, 15, 18, 21, 23, 27, 30, 34, 37, 42, 46, 50, 55, 60, 66, 71, 77, 83, 89, 96, 102, 109, 117, 124, 132, 140, 148, 156, 165, 174, 183, 192, 202, 212, 222
43, 39, 35, 31, 28, 25, 22, 19, 17, 14, 13, 11, 9, 8, 7, 6, 6, 5, 5, 6, 6, 7, 7, 9, 10, 12, 13, 16, 18, 20, 23, 26, 30, 33, 37, 41, 45, 50, 54, 59, 64, 70, 76, 81, 88, 94, 101, 108, 115, 122, 130, 137, 145, 154, 162, 171, 180, 189, 199, 209
50, 46, 42, 38, 34, 30, 27, 24, 21, 19, 16, 14, 12, 11, 10, 8, 8, 7, 6, 6, 6, 7, 7, 8, 9, 10, 12, 14, 16, 18, 20, 23, 26, 29, 33, 36, 40, 44, 49, 53, 58, 63, 69, 74, 80, 86, 92, 99, 106, 113, 120, 128, 135, 143, 151, 160, 169, 178, 187, 196
58, 53, 49, 44, 40, 36, 33, 29, 26, 23, 21, 18, 16, 14, 13, 11, 10, 9, 8, 8, 7, 7, 8, 8, 9, 10, 11, 12, 14, 16, 18, 20, 23, 26, 29, 32, 36, 40, 44, 48, 53, 57, 62, 68, 73, 79, 85, 91, 97, 104, 111, 118, 126, 133, 141, 149, 158, 166, 175, 184
66, 61, 56, 52, 47, 43, 39, 35, 32, 29, 26, 23, 20, 18, 16, 14, 13, 12, 10, 10, 9, 9, 9, 9, 9, 10, 11, 12, 13, 15, 16, 18, 21, 23, 26, 29, 32, 36, 39, 43, 48, 52, 57, 62, 67, 72, 78, 84, 90, 96, 103, 109, 117, 124, 131, 139, 147, 155, 164, 173
75, 70, 64, 59, 55, 50, 46, 42, 38, 34, 31, 28, 25, 23, 20, 18, 16, 15, 13, 12, 11, 11, 10, 10, 10, 10, 11, 11, 12, 14, 15, 17, 19, 21, 23, 26, 29, 32, 36, 39, 43, 47, 51, 56, 61, 66, 71, 77, 83, 89, 95, 101, 108, 115, 122, 130, 137, 145, 153, 162
84, 79, 73, 68, 63, 58, 53, 49, 45, 41, 37, 34, 31, 28, 25, 23, 20, 18, 17, 15, 14, 13, 12, 12, 11, 11, 11, 12, 12, 13, 14, 16, 17, 19, 21, 24, 26, 29, 32, 35, 39, 43, 47, 51, 56, 60, 65, 70, 76, 82, 87, 94, 100, 107, 114, 121, 128, 136, 143, 151
94, 88, 82, 77, 71, 66, 61, 56, 52, 48, 44, 40, 36, 33, 30, 27, 25, 23, 21, 19, 17, 16, 15, 14, 13, 13, 13, 13, 13, 14, 14, 15, 17, 18, 20, 22, 24, 27, 29, 32, 36, 39, 43, 47, 51, 55, 60, 65, 70, 75, 81, 86, 93, 99, 105, 112, 119, 126, 134, 142
105, 98, 92, 86, 80, 75, 70, 64, 60, 55, 51, 47, 43, 39, 36, 33, 30, 27, 25, 23, 21, 19, 18, 17, 16, 15, 14, 14, 14, 14, 15, 16, 16, 18, 19, 21, 23, 25, 27, 30, 33, 36, 39, 43, 47, 51, 55, 59, 64, 69, 74, 80, 86, 92, 98, 104, 111, 118, 125, 132
116, 109, 102, 96, 90, 84, 79, 73, 68, 63, 59, 54, 50, 46, 42, 39, 36, 33, 30, 27, 25, 23, 21, 20, 19, 18, 17, 16, 16, 16, 16, 16, 17, 18, 19, 20, 22, 23, 26, 28, 30, 33, 36, 39, 43, 47, 51, 55, 59, 64, 69, 74, 79, 85, 91, 97, 103, 110, 117, 124
127, 120, 113, 107, 100, 94, 88, 82, 77, 72, 67, 62, 57, 53, 49, 45, 42, 39, 35, 33, 30, 28, 26, 24, 22, 21, 20, 19, 18, 18, 17, 17, 18, 18, 19, 20, 21, 23, 24, 26, 29, 31, 34, 37, 40, 43, 47, 51, 55, 59, 64, 68, 73, 79, 84, 90, 96, 102, 109, 116
139, 132, 125, 118, 111, 104, 98, 92, 86, 81, 75, 70, 66, 61, 57, 52, 49, 45, 42, 38, 36, 33, 30, 28, 26, 24, 23, 22, 21, 20, 19, 19, 19, 19, 20, 20, 21, 22, 24, 25, 27, 29, 32, 34, 37, 40, 43, 47, 51, 55, 59, 63, 68, 73, 78, 84, 90, 95, 102, 108
152, 144, 137, 129, 122, 115, 109, 102, 96, 90, 85, 79, 74, 69, 65, 60, 56, 52, 48, 45, 41, 38, 36, 33, 31, 29, 27, 25, 24, 23, 22, 21, 21, 21, 21, 21, 22, 23, 24, 25, 27, 28, 30, 33, 35, 38, 41, 44, 47, 51, 55, 59, 64, 68, 73, 78, 83, 89, 95, 101
165, 157, 149, 141, 134, 127, 120, 113, 107, 101, 95, 89, 83, 78, 73, 68, 64, 59, 55, 52, 48, 45, 42, 39, 36, 34, 31, 30, 28, 26, 25, 24, 24, 23, 23, 23, 23, 24, 24, 25, 26, 28, 30, 31, 34, 36, 39, 41, 45, 48, 51, 55, 59, 64, 68, 73, 78, 83, 89, 94
179, 170, 162, 154, 146, 139, 132, 125, 118, 111, 105, 99, 93, 88, 82, 77, 72, 68, 63, 59, 55, 51, 48, 45, 42, 39, 37, 34, 32, 30, 29, 28, 27, 26, 25, 25, 25, 25, 25, 26, 27, 28, 29, 31, 33, 35, 37, 39, 42, 45, 49, 52, 56, 60, 64, 68, 73, 78, 83, 88
193, 184, 176, 168, 159, 152, 144, 137, 129, 123, 116, 110, 103, 97, 92, 86, 81, 76, 71, 67, 63, 59, 55, 51, 48, 45, 42, 40, 37, 35, 33, 32, 30, 29, 28, 27, 27, 27, 27, 27, 28, 28, 29, 31, 32, 34, 36, 38, 41, 43, 46, 49, 53, 56, 60, 64, 69, 73, 78, 83
208, 199, 190, 181, 173, 165, 157, 149, 142, 134, 127, 121, 114, 108, 102, 96, 91, 85, 80, 75, 71, 66, 62, 58, 55, 51, 48, 45, 43, 40, 38, 36, 34, 33, 32, 31, 30, 29, 29, 29, 29, 30, 30, 31, 32, 34, 35, 37, 39, 42, 44, 47, 50, 53, 57, 61, 65, 69, 73, 78
223, 214, 205, 196, 187, 178, 170, 162, 154, 147, 139, 132, 126, 119, 113, 107, 101, 95, 90, 84, 80, 75, 70, 66, 62, 58, 55, 52, 49, 46, 43, 41, 39, 37, 36, 34, 33, 32, 32, 31, 31, 31, 32, 32, 33, 34, 35, 37, 39, 41, 43, 45, 48, 51, 54, 58, 61, 65, 70, 74
239, 230, 220, 211, 202, 193, 184, 176, 168, 160, 152, 145, 138, 131, 124, 117, 111, 105, 100, 94, 89, 84, 79, 74, 70, 66, 62, 59, 55, 52, 49, 47, 44, 42, 40, 39, 37, 36, 35, 34, 34, 34, 34, 34, 34, 35, 36, 37, 39, 40, 42, 44, 47, 49, 52, 55, 59, 62, 66, 70
256, 246, 236, 226, 217, 208, 199, 190, 181, 173, 165, 157, 150, 143, 136, 129, 122, 116, 110, 104, 99, 93, 88, 83, 79, 74, 70, 66, 62, 59, 56, 53, 50, 48, 45, 43, 42, 40, 39, 38, 37, 36, 36, 36, 36, 36, 37, 38, 39, 40, 42, 44, 46, 48, 51, 53, 56, 60, 63, 67
273, 262, 252, 242, 232, 223, 214, 205, 196, 187, 179, 171, 163, 155, 148, 141, 134, 127, 121, 115, 109, 103, 98, 93, 88, 83, 78, 74, 70, 66, 63, 59, 56, 54, 51, 49, 47, 45, 43, 42, 41, 40, 39, 39, 38, 38, 39, 39, 40, 41, 42, 44, 45, 47, 50, 52, 55, 58, 61, 64
290, 280, 269, 259, 249, 239, 229, 220, 211, 202, 193, 185, 177, 169, 161, 153, 146, 139, 133, 126, 120, 114, 108, 102, 97, 92, 87, 83, 78, 74, 70, 67, 63, 60, 57, 55, 52, 50, 48, 46, 45, 44, 43, 42, 41, 41, 41, 41, 42, 42, 43, 44, 46, 47, 49, 51, 54, 56, 59, 62
308, 297, 286, 276, 265, 255, 245, 236, 226, 217, 208, 199, 191, 182, 174, 167, 159, 152, 145, 138, 131, 125, 119, 113, 107, 102, 97, 92, 87, 83, 78, 74, 71, 67, 64, 61, 58, 56, 53, 51, 50, 48, 47, 46, 45, 44, 44, 44, 44, 44, 45, 45, 46, 48, 49, 51, 53, 55, 58, 61
327, 316, 304, 293, 283, 272, 262, 252, 242, 233, 223, 214, 205, 197, 188, 180, 172, 165, 157, 150, 143, 137, 130, 124, 118, 112, 107, 101, 96, 92, 87, 83, 79, 75, 71, 68, 65, 62, 59, 57, 55, 53, 51, 50, 49, 48, 47, 47, 46, 46, 47, 47, 48, 49, 50, 51, 53, 55, 57, 59
346, 335, 323, 312, 301, 290, 279, 269, 259, 249, 239, 230, 221, 212, 203, 194, 186, 178, 170, 163, 156, 149, 142, 135, 129, 123, 117, 112, 106, 101, 96, 92, 87, 83, 79, 76, 72, 69, 66, 63, 61, 58, 56, 55, 53, 52, 51, 50, 49, 49, 49, 49, 50, 50, 51, 52, 54, 55, 57, 59
366, 354, 342, 330, 319, 308, 297, 286, 276, 265, 256, 246, 236, 227, 218, 209, 201, 192, 184, 176, 169, 161, 154, 147, 141, 134, 128, 122, 117, 111, 106, 101, 96, 92, 88, 84, 80, 76, 73, 70, 67, 65, 62, 60, 58, 57, 55, 54, 53, 53, 52, 52, 52, 52, 53, 54, 55, 56, 57, 59
386, 374, 362, 350, 338, 326, 315, 304, 293, 283, 272, 262, 253, 243, 234, 224, 216, 207, 199, 190, 182, 175, 167, 160, 153, 146, 140, 134, 128, 122, 116, 111, 106, 101, 97, 92, 88, 84, 81, 77, 74, 71, 68, 66, 64, 62, 60, 59, 57, 56, 56, 55, 55, 55, 55, 56, 56, 57, 58, 60
407, 394, 382, 370, 357, 346, 334, 323, 312, 301, 290, 280, 269, 259, 250, 240, 231, 222, 213, 205, 197, 189, 181, 173, 166, 159, 152, 145, 139, 133, 127, 122, 116, 111, 106, 101, 97, 93, 89, 85, 82, 78, 75, 73, 70, 68, 66, 64, 62, 61, 60, 59, 58, 58, 58, 58, 58, 59, 60, 61
60
7, 3, 245
8, 7, 870
4, 11, 576
9, 1, 102
10, 3, 530
9, 11, 1504
4, 12, 621
6, 3, 192
2, 12, 479
7, 7, 623
9, 13, 1507
9, 4, 371
4, 15, 803
6, 11, 874
2, 6, 132
7, 2, 251
7, 7, 370
5, 11, 776
9, 2, 152
10, 4, 730
8, 11, 1404
4, 11, 321
6, 4, 292
2, 11, 579
7, 6, 723
9, 11, 1307
9, 5, 471
4, 14, 903
6, 12, 774
2, 7, 232
7, 3, 245
8, 7, 870
4, 11, 576
9, 1, 102
10, 3, 530
9, 11, 1504
4, 12, 621
6, 3, 192
2, 12, 479
7, 7, 623
9, 13, 1507
9, 4, 371
4, 15, 803
6, 11, 874
2, 6, 132
7, 2, 251
7, 7, 370
5, 11, 776
9, 2, 152
10, 4, 730
8, 11, 1404
4, 11, 321
6, 4, 292
2, 11, 579
7, 6, 723
9, 11, 1307
9, 5, 471
4, 14, 903
6, 12, 774
2, 7, 232
