20
30
27, 11, 2, 3, 24, 27, 22, 32, 26, 1, 27, 15, 5, 29, 9, 4, 22, 25, 18, -1000, 40, 4, 37, 19, 12, 26, 15, 13, 31, 29
8, 8, 27, 35, 18, 4, 20, 24, 12, 40, 1, 1, 29, 13, 12, 38, 39, 28, 36, 20, -1000, 9, 20, 38, 39, -1000, 14, 23, 31, 38
12, 10, 1, 38, 33, 19, 29, 10, 12, -1000, 25, 38, 14, 18, 17, 40, 16, 24, 7, 14, 28, 28, 17, 11, 33, 40, 29, 29, 37, 35
30, 37, 34, 14, 28, 32, 40, 32, 21, 34, 10, 29, 17, 31, 36, 39, 35, 2, 21, 39, 8, 30, 17, -1000, 10, 25, 33, 30, 5, 33
31, 40, 14, 17, 16, 28, 5, 40, 31, 26, 1, 24, 4, 14, 5, 39, 11, 27, 15, 35, 6, 28, 8, 38, 28, -1000, 21, 17, 4, 4
39, 10, 27, 29, 3, 10, 16, 1, 16, 9, 34, -1000, 12, 36, 39, 24, 27, 4, 13, 12, 14, 7, 16, 11, 28, 4, 32, 17, 30, 15
8, 29, 36, 27, 28, 31, 38, 15, 11, 35, 24, 11, 11, 7, 1, 10, 16, 13, 39, 4, 15, 17, 4, 33, 30, 32, 35, 16, 2, 40
18, 40, 11, 1, 1, 5, 1, 25, 8, 9, 27, 12, 33, 18, 28, 4, 37, 9, 10, 18, 28, 20, 18, 26, 1, 31, 26, 3, 38, -1000
36, 23, 14, 12, 18, 25, 40, 11, 6, 37, 10, 32, 5, 31, 18, 4, 25, 26, 5, 27, 36, 27, 6, 24, 13, 39, 23, 25, 40, 10
20, 38, 28, 12, 13, 4, 38, 22, 1, 4, 4, 26, 3, 14, 9, 36, 15, 27, 9, 38, 7, 40, 38, 12, 2, 10, 17, 31, 40, 19
3, 15, 11, 37, 17, 13, 5, 33, 19, 14, 6, 4, 25, 2, 23, 10, 24, 33, 16, 17, 24, 36, 17, 3, 4, 20, 40, 16, 11, 3
28, 7, 23, 23, 2, 29, 15, 7, 37, 37, 32, 22, 9, 36, 32, 4, 15, 37, 29, 32, 27, 25, 16, 23, 36, 7, 39, 9, 33, 37
13, 29, 23, 16, 27, 40, 22, 3, 40, 34, 35, 18, 36, 20, 25, 2, 28, 22, 11, 1, 6, 3, 28, 20, 17, 3, 32, 40, 27, 36
31, -1000, 15, 40, 24, 3, 40, 33, 9, 33, 22, 13, 38, 35, 37, 9, 30, 37, 39, 34, 20, 18, 39, 32, 32, 10, 2, 4, 39, 24
9, 22, 16, 5, 4, 29, 3, 36, 36, 22, 3, 35, 13, 19, 19, 34, 6, 33, 23, 8, 14, 36, 1, 34, 17, 14, 8, 23, 9, 14
2, 37, 34, 25, 25, 1, 37, 34, 32, 9, 7, 34, 1, 17, 32, 25, 5, 21, 14, 39, 5, 10, 21, 32, 11, 14, 22, 23, 28, 31
21, 21, 28, 22, 21, 6, 2, 28, 35, 19, 38, 13, 1, 14, 2, 20, 35, 25, 2, 33, 9, 28, 10, 10, 10, 33, 16, 3, 15, 11
19, 14, 6, 2, 28, 26, 7, 19, 36, 26, 23, 17, 26, 35, 2, 32, 9, 8, 30, 31, 19, 37, 21, 36, 22, 34, 12, 18, 13, 29
31, 39, 13, 24, 40, 24, 7, 40, 27, 17, 14, 16, 29, 17, 10, 33, 2, 15, 9, 18, 24, 9, 13, 25, 33, 23, 33, 10, 20, 35
15, 30, 7, 8, 36, 25, 4, 3, 35, 18, 26, 9, 21, 14, 18, 3, 8, 5, -1000, 30, 32, 37, 9, 36, 5, 23, 26, 29, 31, 18
15
7, 3, 245
8, 7, 870
4, 11, 576
9, 1, 102
10, 3, 530
9, 11, 1504
4, 12, 621
6, 3, 192
2, 12, 479
7, 7, 623
9, 13, 1507
9, 4, 371
4, 15, 803
6, 11, 874
2, 6, 132