20
30
42, 42, 44, 48, 54, 62, 73, 86, 101, 118, 138, 160, 184, 210, 238, 269, 302, 337, 375, 414, 456, 500, 546, 595, 646, 699, 754, 811, 871, 933
39, 36, 34, 35, 38, 43, 51, 61, 73, 87, 103, 122, 143, 166, 191, 219, 249, 281, 315, 351, 390, 431, 474, 520, 567, 617, 669, 723, 780, 839
41, 34, 30, 28, 27, 30, 34, 41, 50, 61, 74, 89, 107, 127, 149, 174, 200, 229, 260, 294, 329, 367, 407, 449, 494, 541, 589, 641, 694, 750
48, 38, 31, 25, 22, 21, 22, 26, 32, 39, 50, 62, 77, 93, 113, 134, 157, 183, 211, 241, 274, 308, 345, 384, 426, 469, 515, 563, 613, 666
60, 47, 37, 28, 22, 18, 16, 16, 19, 24, 31, 40, 51, 65, 81, 99, 120, 142, 167, 194, 223, 255, 289, 325, 363, 403, 446, 491, 538, 587
78, 62, 48, 36, 27, 20, 15, 12, 11, 13, 17, 23, 31, 42, 55, 70, 87, 106, 128, 152, 178, 206, 237, 270, 305, 342, 382, 423, 467, 514
101, 81, 64, 49, 37, 27, 18, 12, 9, 7, 8, 11, 16, 24, 33, 45, 59, 76, 94, 115, 138, 163, 191, 220, 252, 287, 323, 361, 402, 445
129, 106, 86, 68, 52, 39, 27, 18, 12, 7, 5, 4, 6, 11, 17, 26, 37, 50, 66, 83, 103, 125, 150, 176, 205, 236, 269, 305, 342, 382
162, 136, 113, 92, 73, 56, 42, 29, 20, 12, 6, 3, 2, 3, 6, 12, 20, 30, 42, 57, 74, 92, 114, 137, 163, 191, 221, 253, 288, 324
200, 171, 145, 120, 98, 79, 61, 46, 33, 22, 13, 7, 3, 1, 1, 3, 8, 15, 24, 35, 49, 65, 83, 103, 126, 150, 177, 207, 238, 272
243, 211, 182, 154, 129, 106, 86, 67, 51, 37, 25, 16, 8, 3, 0, 0, 1, 5, 11, 19, 30, 42, 57, 75, 94, 115, 139, 165, 194, 224
292, 257, 224, 194, 165, 139, 115, 94, 75, 57, 42, 30, 19, 11, 5, 1, 0, 0, 3, 8, 16, 25, 37, 51, 67, 86, 106, 129, 154, 182
346, 308, 272, 238, 207, 177, 150, 126, 103, 83, 65, 49, 35, 24, 15, 8, 3, 1, 1, 3, 7, 13, 22, 33, 46, 61, 79, 98, 120, 145
405, 363, 324, 288, 253, 221, 191, 163, 137, 114, 92, 74, 57, 42, 30, 20, 12, 6, 3, 2, 3, 6, 12, 20, 29, 42, 56, 73, 92, 113
469, 424, 382, 342, 305, 269, 236, 205, 176, 150, 125, 103, 83, 66, 50, 37, 26, 17, 11, 6, 4, 5, 7, 12, 18, 27, 39, 52, 68, 86
538, 491, 445, 402, 361, 323, 287, 252, 220, 191, 163, 138, 115, 94, 76, 59, 45, 33, 24, 16, 11, 8, 7, 9, 12, 18, 27, 37, 49, 64
613, 562, 514, 467, 423, 382, 342, 305, 270, 237, 206, 178, 152, 128, 106, 87, 70, 55, 42, 31, 23, 17, 13, 11, 12, 15, 20, 27, 36, 48
692, 639, 587, 538, 491, 446, 403, 363, 325, 289, 255, 223, 194, 167, 142, 120, 99, 81, 65, 51, 40, 31, 24, 19, 16, 16, 18, 22, 28, 37
777, 720, 666, 613, 563, 515, 469, 426, 384, 345, 308, 274, 241, 211, 183, 157, 134, 113, 93, 77, 62, 50, 39, 32, 26, 22, 21, 22, 25, 31
867, 807, 750, 694, 641, 589, 541, 494, 449, 407, 367, 329, 294, 260, 229, 200, 174, 149, 127, 107, 89, 74, 61, 50, 41, 34, 30, 27, 28, 30
15
7, 3, 245
8, 7, 870
4, 11, 576
9, 1, 102
10, 3, 530
9, 11, 1504
4, 12, 621
6, 3, 192
2, 12, 479
7, 7, 623
9, 13, 1507
9, 4, 371
4, 15, 803
6, 11, 874
2, 6, 132