20
30
76, 75, 78, 85, 96, 111, 130, 153, 180, 211, 246, 284, 327, 374, 424, 479, 537, 600, 666, 737, 811, 890, 972, 1058, 1148, 1242, 1341, 1443, 1549, 1659
70, 64, 61, 63, 68, 78, 91, 108, 130, 155, 184, 217, 254, 295, 341, 390, 442, 499, 560, 625, 694, 767, 843, 924, 1009, 1097, 1190, 1286, 1387, 1491
73, 61, 53, 49, 49, 53, 61, 73, 88, 108, 132, 159, 191, 226, 266, 309, 357, 408, 463, 523, 586, 653, 724, 799, 878, 961, 1048, 1139, 1234, 1333
86, 68, 55, 45, 40, 38, 40, 46, 56, 71, 89, 111, 137, 167, 201, 238, 280, 326, 376, 429, 487, 549, 614, 684, 757, 835, 916, 1001, 1091, 1184
108, 85, 66, 50, 39, 32, 29, 29, 34, 42, 55, 71, 92, 116, 144, 177, 213, 253, 297, 345, 397, 453, 513, 577, 645, 717, 793, 873, 956, 1044
139, 110, 86, 65, 48, 35, 26, 21, 20, 23, 30, 41, 56, 75, 97, 124, 155, 189, 228, 270, 317, 367, 422, 480, 543, 609, 679, 753, 831, 914
179, 145, 115, 88, 66, 48, 33, 23, 16, 13, 15, 20, 29, 42, 60, 81, 106, 135, 168, 205, 246, 291, 340, 392, 449, 510, 574, 643, 716, 792
229, 189, 153, 121, 93, 69, 49, 33, 21, 13, 8, 8, 12, 20, 31, 47, 66, 90, 117, 149, 184, 223, 266, 314, 365, 420, 479, 542, 609, 680
288, 242, 201, 163, 130, 100, 74, 53, 35, 21, 12, 6, 4, 6, 12, 22, 36, 54, 76, 101, 131, 165, 203, 244, 290, 339, 393, 450, 512, 577
356, 305, 258, 214, 175, 140, 109, 82, 58, 39, 24, 12, 5, 1, 2, 6, 15, 27, 43, 63, 88, 116, 148, 184, 224, 268, 316, 368, 424, 483
433, 376, 324, 275, 230, 190, 153, 120, 91, 66, 45, 28, 15, 6, 1, 0, 3, 9, 20, 35, 53, 76, 102, 133, 167, 206, 248, 294, 345, 399
519, 457, 399, 345, 294, 248, 206, 167, 133, 102, 76, 53, 35, 20, 9, 3, 0, 1, 6, 15, 28, 45, 66, 91, 120, 153, 190, 230, 275, 324
615, 547, 483, 424, 368, 316, 268, 224, 184, 148, 116, 88, 63, 43, 27, 15, 6, 2, 1, 5, 12, 24, 39, 58, 82, 109, 140, 175, 214, 258
720, 646, 577, 512, 450, 393, 339, 290, 244, 203, 165, 131, 101, 76, 54, 36, 22, 12, 6, 4, 6, 12, 21, 35, 53, 74, 100, 130, 163, 201
834, 755, 680, 609, 542, 479, 420, 365, 314, 266, 223, 184, 149, 117, 90, 66, 47, 31, 20, 12, 8, 8, 13, 21, 33, 49, 69, 93, 121, 153
957, 873, 792, 716, 643, 574, 510, 449, 392, 340, 291, 246, 205, 168, 135, 106, 81, 60, 42, 29, 20, 15, 13, 16, 23, 33, 48, 66, 88, 115
1090, 1000, 914, 831, 753, 679, 609, 543, 480, 422, 367, 317, 270, 228, 189, 155, 124, 97, 75, 56, 41, 30, 23, 20, 21, 26, 35, 48, 65, 86
1231, 1136, 1044, 956, 873, 793, 717, 645, 577, 513, 453, 397, 345, 297, 253, 213, 177, 144, 116, 92, 71, 55, 42, 34, 29, 29, 32, 39, 50, 66
1382, 1281, 1184, 1091, 1001, 916, 835, 757, 684, 614, 549, 487, 429, 376, 326, 280, 238, 201, 167, 137, 111, 89, 71, 56, 46, 40, 38, 40, 45, 55
1542, 1436, 1333, 1234, 1139, 1048, 961, 878, 799, 724, 653, 586, 523, 463, 408, 357, 309, 266, 226, 191, 159, 132, 108, 88, 73, 61, 53, 49, 49, 53
15
7, 3, 245
8, 7, 870
4, 11, 576
9, 1, 102
10, 3, 530
9, 11, 1504
4, 12, 621
6, 3, 192
2, 12, 479
7, 7, 623
9, 13, 1507
9, 4, 371
4, 15, 803
6, 11, 874
2, 6, 132
