20
30
1, 2, 1, 1, -1, -1, -2, -1, -1, -2, 1, 1, -2, -2, 2, 1, 2, -2, 1, 0, 2, -2, 1, 0, 1, -2, -2, 0, 1, -1
-2, -2, 0, -2, 2, 0, -2, 0, 1, -1, -2, -1, 2, 0, 1, 2, -2, 0, -2, -1, 0, -2, 2, -2, 1, 0, -1, -2, 2, -2
-2, 0, 1, -2, 2, 1, -1, -2, -1, 0, 0, 0, 0, -1, 0, 0, -1, -2, 2, 1, -2, 1, 0, -1, 1, -2, -1, -1, -1, -1
-1, 2, 0, 0, -1, 0, 1, 1, 0, -2, 1, -2, -1, 0, 1, -2, 1, 1, 0, -1, -1, -2, -1, -2, -2, 0, 2, -1, 0, 2
-1, 2, 1, 2, -1, 1, 2, 2, -2, 2, 1, 0, 1, 1, -2, 2, -1, 2, 0, 0, 0, 1, 2, -2, 2, -2, 1, -1, 0, 2
0, -1, -1, 1, 1, 1, 0, -1, -1, -2, -1, 2, 1, 1, 0, 2, 0, 0, -2, -2, -2, -2, 2, -2, -1, 1, -2, 0, -2, -2
2, 0, -1, -2, -1, -1, -1, 2, -2, -1, 0, 2, 1, -1, -2, 1, -2, -2, 0, -2, 1, -2, -1, -1, 1, 0, 0, -1, -1, 2
1, 2, -1, -2, -2, 2, 0, 0, 0, -1, 0, 0, 0, 1, 1, -2, -1, 0, 2, 1, 1, -2, -2, 2, 0, 2, -2, -2, 0, 1
2, -2, 1, -2, 1, 1, 1, 1, -1, -1, -2, 0, 1, -1, 0, -1, 0, 1, 0, 0, -1, -2, -1, 0, -2, 0, 2, 0, 0, -1
1, -1, 2, 1, -1, 0, 2, 0, 2, -2, 0, 0, -1, 0, 1, -2, -1, 1, -1, -1, -1, -1, 0, 2, -1, 1, 1, -2, 2, -2
1, -1, -2, 2, 1, 1, 1, 2, 2, 2, -1, -2, 2, 0, -2, 2, 2, 2, 2, 2, -1, -2, -2, -1, 2, -1, 2, 2, -1, 0
2, 1, 0, 1, -1, -1, -1, -1, 2, 2, 0, -1, 1, 0, 2, -1, 0, -2, 2, 0, 2, 2, -2, 2, 2, 0, -2, 2, 2, -1
2, 1, 1, 0, -2, 1, 1, -2, -2, 1, 0, 0, 2, -2, 0, 2, 0, 1, 0, 1, 1, 1, 2, 1, 1, -2, 0, 0, 1, 1
-2, 0, -1, 0, 2, 2, 1, -1, -1, -2, 0, -1, 2, -2, -2, 0, 2, -2, 0, -2, -2, 0, -1, -2, 0, -2, 1, 2, 1, 2
-2, -2, 0, 0, 1, 2, -2, 0, -2, 0, -2, -1, -1, -1, -2, 0, 2, 2, 1, -2, -1, 0, 2, 1, 1, 0, -2, -1, 2, 1
-2, 1, 0, 0, -2, 0, 2, 0, 0, -2, -1, -1, -2, 2, 2, 2, -1, 2, 2, -2, -1, 2, -1, 1, 1, 1, -1, 1, 1, -2
2, 2, 0, -1, 0, -1, 1, 2, -1, 1, 0, -1, -1, 0, 1, 2, -1, 2, 1, 2, -2, -1, -1, 2, -1, -1, 0, 2, 1, 0
-1, -1, 1, -1, -1, 0, 2, 1, 0, 0, -2, 0, 1, -1, 1, -2, 0, 1, 2, 2, -1, -1, -2, 2, -2, 1, 1, 1, -2, -1
2, 2, -2, 2, 0, -1, 0, -2, -1, -1, -2, 1, 0, -2, 2, 1, 0, 2, -2, -1, 1, 1, 2, 2, -2, 2, -2, 2, -1, 1
2, -2, 1, -1, 1, -2, 0, 2, 2, 0, 1, -1, 0, 0, 1, 0, 2, 2, -2, -1, -2, 1, 1, 2, 0, -1, 2, -1, 1, 0
15
1, 9, 8
6, 8, 47
2, 3, 4
8, 4, 25
2, 11, 17
4, 3, 8
2, 9, 9
4, 13, 49
6, 2, 8
8, 12, 67
2, 4, 4
4, 6, 12
5, 15, 41
8, 8, 56
3, 5, 8
