20
30
128, 195, -115, -152, -117, -70, 160, -199, -178, -165, -10, 51, 97, 53, 107, -61, 56, -128, 169, -119, -176, -118, 168, 163, -84, 1, -180, -164, 138, -199
140, -151, -93, 75, -107, -101, 108, -186, 53, 174, 125, 55, -37, -56, -13, 179, -112, 53, -149, 22, 24, 187, 129, -1, 98, 45, -174, -77, 133, 83
-90, 123, -137, -179, -104, -59, -56, -179, -40, 8, 31, 41, 20, 196, -44, -31, 120, 24, -24, -63, -88, -33, 185, -85, -23, 153, -79, 108, 177, 48
-128, -15, -118, 170, 64, -198, -8, -59, -153, -154, 35, -133, -107, 44, 191, 183, -34, 134, -157, -71, 126, 2, 148, -5, -30, 143, 138, 149, 44, -57
-180, 36, -156, 112, -65, -154, -41, 50, -69, -47, 178, -22, -23, -70, 103, -155, -127, -59, -76, -5, -14, -13, 65, 48, 122, 71, 38, 88, 0, 121
-136, 43, 98, 104, -175, 199, -178, -19, -92, 145, 24, 117, 2, 90, -49, -52, -175, 18, 92, -76, 70, -3, 24, -151, 157, 33, 172, -4, 191, 65
8, 71, -150, 11, -112, -65, 80, 73, -96, 104, -178, 92, -168, -20, 171, 70, 185, 175, -103, -26, 46, -180, 196, -125, -149, 68, -181, 49, 148, -7
-173, 27, -9, 44, -63, 153, 66, 192, 1, -184, 68, -47, -87, 188, -98, 178, -36, -156, -122, -113, 48, 197, -102, 16, -181, -12, 76, 176, -41, 21
-85, -169, 126, 111, 77, -4, -99, -12, -158, -183, -196, 194, -26, -119, 107, -107, 107, -193, 174, -126, -96, 176, -30, 61, 146, -169, -72, 175, 25, 150
-123, 91, 32, 181, 101, 36, 27, 3, -89, 106, 76, 176, -199, -140, -118, 54, 23, -184, 110, 127, 81, 68, -198, -115, -83, -60, 62, -135, 166, 46
-133, -74, 164, -107, 141, -86, -39, -7, -19, -130, 66, -96, 97, -133, -2, -72, 175, -91, -22, -109, 8, -89, -135, 99, -132, 9, 88, -53, 64, -39
175, -38, 37, 65, 39, -50, -188, 108, -80, 169, -108, -170, 36, 40, -139, -23, 172, 136, 87, 189, -35, -48, 87, 75, -163, 156, -139, -135, -175, -68
26, -186, 129, -181, -105, -97, 67, -169, 28, -152, -85, -133, 190, 9, 199, -22, 76, 25, 38, 92, 37, 153, 60, 75, 196, 23, 76, 163, 27, 83
-111, 148, 82, 188, -57, -122, -99, 17, -56, 158, 110, 140, -93, 39, 73, -102, -37, -122, 77, 60, -120, 36, 27, -66, 95, 74, -46, -146, -177, 73
27, 104, 4, 146, 159, -32, -15, -199, -134, 120, -123, -142, -119, 80, 182, 97, 46, -179, -199, 98, -141, -2, -114, 168, 3, 53, -80, -52, -107, 69
125, -154, -7, 71, -69, -194, -64, -38, 80, -95, 114, -38, -189, 157, -18, -179, -45, 148, -48, 199, -172, -68, -148, -74, 14, -171, 18, 37, -57, -94
-152, -164, 109, -3, 196, -170, 66, 10, -51, 175, -39, -117, -58, 97, 185, 98, -14, -70, -15, -19, -102, -28, 197, -106, 41, -8, 195, -133, -143, -99
-11, 100, -181, -26, -144, 77, 53, 14, 162, -48, -44, 146, -1, -23, 37, 145, 191, -45, -58, 116, 43, -112, -149, 162, -192, 76, -160, 14, 156, 3
-164, -1, -48, -153, -14, 62, -136, 168, 41, -93, -156, 173, -32, -167, -175, -47, 174, 19, 58, 97, 2, 40, 125, -58, 58, -99, 48, -143, -34, -19
37, -161, 59, -42, -84, 157, -7, -48, 192, 176, 80, -178, 115, -166, 71, 71, 120, -182, 137, 55, 103, 22, 157, -142, -199, -4, 74, -190, -11, -115
15
1, 1, 75
2, 11, 1115
3, 1, 268
2, 14, 2175
6, 11, 3446
5, 13, 5608
7, 15, 7630
6, 5, 2664
7, 1, 422
5, 6, 2698
3, 7, 2001
8, 14, 9407
6, 10, 4236
7, 6, 3725
3, 11, 2871
