20
30
18, -10, 17, -12, -16, -1, 7, 11, 8, -3, 15, 6, -3, -16, 9, 11, 15, 3, -3, 5, -12, 13, -17, 18, 2, -3, 12, 0, 14, -13
13, 16, 3, 6, 12, -14, -7, -9, -19, 5, 6, 18, 20, -13, -14, 4, -14, 16, 8, 10, -9, -10, -11, -17, 2, -15, -14, 20, 6, 7
7, -14, 17, 0, 4, 19, -18, 12, -8, 3, -2, 4, 1, 13, 19, -10, 13, 17, 11, 19, -9, 17, 13, -17, 17, 3, 6, 0, -17, 6
20, -7, 6, -6, 18, 0, -20, 0, 3, -13, 2, -6, 3, -15, -9, 8, 9, -3, -16, -9, -7, -10, -12, 8, -4, 11, -7, 14, 3, -19
-8, 2, 8, 6, 3, -15, 19, -13, 15, -2, -10, -7, -6, 4, -4, 17, -6, 8, 13, -12, 15, -11, -4, 12, -7, 10, -15, 18, 19, -13
-14, -13, 17, 2, 15, 20, 7, 17, 2, -14, 10, 1, 2, 6, -19, 20, 17, 5, -9, -1, -3, 6, -19, -5, -14, -17, -14, 17, -7, 13
20, -20, -12, 8, -8, -17, -3, 12, 9, -4, -10, -3, -15, 6, -1, -7, 7, 10, 11, -6, 14, 1, 7, 0, 11, 1, -15, 1, -5, 12
14, 10, 4, 10, -13, 10, -7, 15, -6, 18, 2, -16, 16, 15, -11, 20, 1, -5, 16, 14, -4, -3, -15, 19, 20, -1, -6, 9, 17, 11
18, 16, -3, 17, 3, 0, 14, -4, -2, 10, -20, 13, -5, 14, 12, 10, 5, 12, -10, 11, -20, 10, 6, 1, -5, -3, 5, 5, 10, 8
-4, 4, 18, 4, 20, 6, 7, 20, -8, 9, -14, -16, 18, -14, 13, 4, -19, -8, -14, -11, 15, 2, -2, -14, 11, -13, -10, 17, 2, -14
16, -12, 6, 10, -6, -3, 16, 12, 14, -14, -17, 6, 0, 2, 5, 16, 13, -1, 8, 12, -5, -8, -2, 1, 14, 14, -15, 12, 13, 12
-5, 10, -3, -15, 14, 18, -1, -13, 13, -4, 8, -10, -2, -20, -14, -12, -19, 17, 1, 15, -5, 12, -12, 10, 11, 3, 10, -15, 16, 0
-9, -16, 19, -18, 11, -7, -12, -6, 8, 7, -3, 6, 7, -9, -17, -16, 15, -2, -6, 6, 12, -11, -10, 18, -3, 4, 2, 8, -6, -9
-12, -6, -9, -8, -15, 4, -9, -4, -10, 13, -20, 7, -12, 14, -2, 9, -15, 17, 6, 6, 9, -8, 11, -10, 8, -19, 14, -20, 5, -14
11, 0, -20, -3, -1, -18, -5, -6, -14, 0, 14, -2, -13, 2, 5, -15, -20, -4, 0, 8, -1, 5, -19, 8, 3, 17, 4, -20, 5, -17
10, -9, 11, -16, -19, 0, 7, 12, -5, -4, -6, 11, 11, -15, 13, -10, -16, -11, 6, 3, -19, -3, 1, 17, 8, -14, -1, -8, 15, 2
-1, -6, 10, -18, 10, 3, 8, -17, 0, -16, -2, -11, -19, -17, -6, 8, 14, 16, 16, -8, 12, -5, -5, -19, -18, -8, 10, 14, -4, 16
-19, -5, 18, 13, 18, 20, -19, 9, -5, -10, 3, -19, 10, 1, -15, 12, -4, -3, 3, 20, -8, 3, -3, 2, 11, -17, 20, 8, -20, -2
13, 14, 7, 4, -17, -18, -8, -12, -14, -5, 7, -15, 0, 5, 10, 11, 6, 14, 17, -10, 17, -8, -9, -3, 4, -1, 19, -5, -18, 14
-20, -7, 9, 18, -3, 9, -6, -15, -2, -18, 0, -12, -9, -13, -8, -14, -18, 12, 12, -20, -2, -15, 12, 10, 1, 1, 2, -11, -20, 4
15
2, 14, 161
4, 6, 161
5, 9, 266
1, 7, 52
5, 13, 570
8, 1, 43
2, 7, 98
2, 9, 93
4, 14, 430
10, 7, 668
2, 2, 22
9, 15, 1067
1, 15, 136
10, 11, 827
7, 12, 674
