20
30
34, 18, 25, 1, -3, -37, 22, 21, 36, 29, -10, -3, 3, 16, -3, -23, 34, -6, 21, -5, -18, -12, -2, 37, -30, -5, -37, -23, 28, 17
-1, -12, -13, -3, -23, -33, -37, 37, 0, 2, -8, 0, 35, 4, 35, 2, 33, 39, -38, 11, 24, -35, -3, 1, 24, 5, -21, 28, -9, -39
40, 5, 34, -21, -10, -38, -30, -34, -1, -10, -27, 38, 35, -21, -38, 22, -6, 35, -39, 8, 3, -35, -25, -24, 33, -7, 31, 26, 13, 13
28, -25, 5, -2, 2, 28, 7, 15, -27, 32, -9, 27, 0, 13, -2, 26, -29, -22, -2, -38, -30, -16, 27, 24, -1, 35, -10, 17, -13, 37
-29, -15, -6, 26, 2, 38, -8, -4, 17, -26, -26, 19, 21, -31, -24, 17, 6, 2, 19, -34, -19, 13, -13, 11, 2, 4, -11, 22, 40, 8
-2, 31, -12, -23, 21, -34, -8, 14, -30, 0, -6, 16, 1, -16, 28, -8, 3, 17, 7, 23, -11, 28, 38, -20, 16, -2, 38, 24, -16, 38
8, 10, -4, -32, 17, -16, -10, 4, -11, -31, -16, 32, -9, -22, 13, 6, -29, -37, 23, -31, -40, 13, -25, -23, -21, 11, 33, -32, 1, -18
-31, 9, -10, -27, 32, 24, -21, -7, 8, 4, -38, 39, -13, -2, -2, -3, -4, 20, 7, -30, -14, 34, -40, -26, 38, 35, -5, -22, 30, -34
-9, -19, -37, -33, 40, 15, 2, -22, -14, 29, -14, 19, -4, -21, -33, -39, -14, 17, 19, 22, -26, -27, 1, -9, 36, -24, 9, -24, -25, 38
-11, -40, 4, 2, -28, 21, 36, -21, -2, 24, 36, -23, -7, 18, 24, 8, -2, 22, -34, 36, 9, 18, 0, -33, 32, -22, 20, 12, -28, 24
-34, -14, -38, -11, 0, -15, -25, 35, -33, -13, -35, -34, -21, 36, 27, 37, 20, 24, 8, -13, 18, 28, -31, -20, -12, 11, 1, -3, 10, 34
-40, -16, -33, 14, 18, 10, -25, -37, -23, -1, -8, 4, 14, 20, 30, 3, -2, 4, -20, 36, -2, 37, -36, 25, -34, -22, -24, 23, -39, 30
24, 19, -16, -27, -14, 22, 39, 6, -22, -23, 22, 17, 6, -31, 35, -26, -27, -11, -9, 26, -28, 38, -24, 15, -5, -36, -20, -17, 8, -1
-7, -8, -38, -12, 15, 14, -21, 1, -6, -32, 4, 33, -14, -37, -27, 22, -9, 36, 30, 32, -35, 28, -8, -25, 17, 27, 2, 10, 18, -18
1, 16, 38, 20, 24, -11, 15, -23, -6, -19, 36, 13, 36, -18, -18, -21, 12, -27, 1, 14, 13, -15, -7, 16, -7, 6, -40, 27, 11, 29
-28, 9, 23, -29, 7, 28, 35, 6, -21, 24, -33, -27, 1, 9, 37, -7, 32, -31, 34, -3, -25, -11, -32, -36, 9, -24, -18, -18, -14, -23
-11, 28, 6, 6, -32, -13, 30, 24, 16, -5, -16, -35, 34, 17, 6, 0, 24, 25, 20, -40, 15, 32, 33, -26, 14, 24, 0, 18, 3, -9
5, 13, -20, -39, -5, -21, 8, 36, 0, 10, 3, -32, -6, -1, -28, -30, -5, -9, -1, -31, -8, -2, 2, -14, 3, -2, 35, -8, 33, -15
27, -28, -20, -15, 30, 12, 25, 32, -18, -13, 33, 29, -16, -30, -3, 6, -2, -6, -39, 3, -12, -32, -21, -6, 39, -33, -29, 34, -2, 38
-16, -25, -37, -26, 23, -9, 28, -32, 9, 1, -15, 4, -31, -29, -23, 4, -27, -9, 29, 37, -40, 1, -9, -11, 38, 19, 33, 27, -14, 23
15
6, 14, 1189
4, 1, 68
9, 2, 242
1, 12, 163
9, 8, 881
9, 15, 1476
3, 7, 403
8, 1, 121
10, 12, 2165
7, 4, 294
5, 1, 89
9, 1, 128
2, 13, 290
5, 11, 572
1, 12, 146
