60
80
17, 2, 10, 11, 13, 3, 8, 13, 19, 8, 18, 5, 10, 6, 17, 2, 12, 10, 8, 6, 7, 2, 9, 14, 18, 2, 17, 13, 6, 5, 15, 1, 9, 13, 10, 7, 17, 20, 2, 19, 13, 18, 12, 12, 15, 16, 18, 7, 5, 1, 6, 18, 4, 19, 6, 16, 14, 17, 14, 12, 7, 15, 7, 15, 14, 17, 17, 17, 16, 11, 6, 12, 8, 9, 13, 10, 10, 18, 19, 2
5, 11, 9, 6, 19, 17, 18, 10, 8, 15, 14, 1, 7, 11, 13, 18, 11, 18, 19, 19, 20, 1, 11, 15, 16, 15, 10, 15, 6, 17, 7, 17, 18, 12, 7, 17, 7, 2, 17, 17, 19, 7, 10, 2, 17, 5, 5, 18, 17, 15, 19, 13, 19, 20, 3, 5, 20, 14, 10, 4, 7, 3, 5, 12, 8, 18, 3, 16, 4, 16, 12, 9, 1, 2, 20, 13, 11, 9, 19, 11
11, 13, 18, 11, 18, 14, 18, 19, 9, 3, 17, 13, 13, 13, 10, 16, 2, 18, 15, 19, 2, 9, 15, 1, 4, 10, 12, 18, 1, 10, 14, 11, 15, 19, 14, 15, 6, 14, 15, 14, 1, 5, 8, 2, 20, 19, 17, 8, 12, 4, 11, 13, 15, 20, 10, 2, 18, 18, 8, 8, 3, 1, 19, 19, 9, 7, 19, 14, 20, 15, 11, 8, 4, 1, 19, 18, 2, 13, 2, 5
14, 4, 6, 17, 19, 1, 16, 16, 10, 12, 17, 8, 7, 7, 12, 20, 7, 9, 13, 13, 1, 4, 9, 17, 13, 3, 10, 15, 2, 12, 20, 6, 16, 3, 15, 19, 16, 2, 20, 9, 12, 4, 4, 8, 19, 3, 2, 17, 9, 19, 12, 14, 1, 10, 5, 10, 16, 9, 4, 17, 12, 1, 14, 19, 12, 12, 13, 4, 13, 14, 5, 5, 9, 4, 2, 18, 20, 1, 19, 11
2, 13, 7, 3, 1, 7, 5, 7, 19, 5, 3, 7, 19, 4, 17, 11, 10, 6, 16, 7, 11, 18, 5, 16, 14, 7, 5, 17, 8, 7, 10, 15, 10, 14, 15, 20, 15, 12, 18, 6, 8, 7, 6, 8, 11, 19, 7, 5, 7, 12, 9, 15, 5, 13, 20, 5, 8, 12, 9, 15, 3, 8, 19, 13, 15, 9, 18, 5, 10, 18, 16, 18, 8, 11, 20, 5, 13, 17, 5, 16
20, 20, 10, 17, 19, 16, 10, 18, 14, 11, 12, 4, 3, 4, 3, 20, 8, 13, 14, 3, 2, 3, 16, 10, 16, 11, 7, 15, 14, 16, 12, 12, 7, 14, 15, 3, 18, 2, 14, 20, 19, 20, 11, 19, 7, 13, 16, 5, 9, 20, 18, 20, 4, 2, 15, 18, 5, 1, 2, 8, 9, 16, 4, 19, 19, 20, 17, 10, 9, 1, 2, 6, 20, 14, 5, 2, 12, 17, 3, 3
16, 3, 7, 14, 19, 13, 9, 6, 20, 18, 19, 18, 1, 7, 12, 3, 16, 12, 1, 8, 17, 7, 16, 8, 19, 12, 1, 11, 18, 14, 6, 8, 19, 19, 13, 6, 10, 11, 1, 7, 12, 12, 11, 12, 2, 5, 5, 13, 2, 2, 6, 1, 17, 16, 7, 10, 8, 19, 15, 7, 13, 19, 8, 6, 12, 11, 19, 2, 14, 6, 14, 6, 11, 15, 17, 6, 16, 4, 7, 15
7, 8, 9, 16, 8, 6, 12, 3, 13, 4, 18, 12, 16, 15, 15, 13, 4, 5, 20, 11, 6, 4, 20, 16, 9, 20, 10, 3, 20, 1, 14, 5, 12, 1, 20, 5, 10, 13, 19, 7, 20, 17, 9, 11, 8, 2, 10, 17, 20, 4, 3, 12, 4, 16, 10, 4, 9, 13, 7, 9, 17, 10, 4, 13, 10, 14, 20, 15, 15, 10, 3, 11, 6, 14, 12, 10, 15, 9, 8, 7
11, 13, 3, 16, 19, 2, 1, 17, 12, 16, 17, 18, 6, 11, 11, 11, 13, 17, 1, 15, 3, 15, 2, 11, 1, 12, 6, 10, 5, 20, 10, 20, 5, 1, 18, 4, 7, 8, 14, 9, 14, 4, 4, 19, 13, 6, 6, 16, 4, 2, 17, 18, 8, 14, 5, 16, 11, 12, 16, 8, 16, 11, 13, 12, 7, 18, 13, 6, 13, 7, 4, 5, 4, 13, 2, 20, 12, 4, 19, 15
7, 11, 7, 4, 4, 12, 12, 12, 16, 3, 14, 16, 13, 7, 13, 3, 11, 12, 13, 15, 14, 20, 4, 18, 18, 12, 15, 15, 13, 5, 5, 8, 14, 1, 1, 6, 5, 10, 9, 15, 6, 2, 10, 10, 14, 9, 13, 17, 1, 19, 9, 20, 12, 4, 2, 7, 7, 9, 6, 12, 18, 18, 19, 11, 19, 6, 2, 12, 6, 8, 18, 2, 4, 18, 10, 13, 10, 14, 5, 10
20, 18, 15, 14, 17, 5, 17, 11, 20, 15, 19, 16, 4, 17, 18, 9, 3, 20, 12, 8, 7, 1, 12, 14, 2, 7, 17, 15, 14, 10, 18, 13, 5, 17, 12, 20, 3, 5, 15, 15, 10, 12, 13, 12, 9, 2, 19, 7, 20, 2, 10, 11, 3, 18, 3, 19, 7, 2, 13, 10, 8, 2, 17, 11, 18, 7, 12, 8, 6, 19, 6, 18, 5, 18, 18, 16, 9, 1, 6, 20
9, 11, 15, 13, 20, 7, 11, 8, 14, 14, 13, 2, 13, 5, 7, 8, 16, 3, 15, 3, 11, 12, 2, 1, 16, 12, 6, 5, 1, 8, 11, 7, 17, 13, 2, 18, 8, 4, 11, 11, 16, 4, 14, 12, 6, 5, 6, 1, 12, 10, 20, 7, 7, 4, 9, 18, 9, 14, 18, 8, 2, 6, 8, 6, 4, 7, 6, 20, 4, 9, 1, 12, 12, 4, 7, 7, 18, 10, 16, 11
7, 5, 14, 12, 8, 4, 1, 13, 4, 5, 10, 14, 6, 4, 9, 10, 17, 9, 9, 19, 20, 6, 18, 3, 9, 9, 16, 3, 17, 3, 1, 20, 19, 7, 2, 17, 12, 17, 18, 20, 7, 13, 16, 19, 20, 8, 6, 9, 16, 17, 11, 9, 2, 17, 12, 1, 8, 12, 3, 20, 9, 18, 17, 2, 5, 10, 15, 20, 2, 13, 19, 1, 11, 9, 13, 7, 11, 19, 4, 1
3, 7, 8, 20, 13, 12, 19, 3, 15, 1, 10, 1, 14, 18, 12, 10, 16, 14, 15, 10, 13, 7, 7, 4, 19, 10, 19, 13, 5, 6, 10, 10, 8, 2, 18, 2, 11, 17, 10, 14, 12, 13, 5, 2, 3, 18, 7, 13, 18, 3, 11, 17, 4, 14, 8, 17, 1, 5, 2, 3, 13, 7, 18, 10, 11, 20, 13, 12, 1, 10, 19, 20, 5, 2, 18, 1, 3, 6, 1, 1
3, 6, 15, 2, 15, 14, 6, 14, 15, 2, 1, 6, 15, 8, 1, 6, 15, 15, 11, 4, 5, 16, 12, 8, 5, 12, 13, 2, 16, 8, 15, 16, 5, 1, 20, 7, 12, 17, 16, 18, 15, 19, 18, 20, 9, 13, 5, 17, 2, 13, 6, 8, 16, 17, 17, 8, 14, 7, 18, 3, 1, 4, 19, 7, 7, 6, 2, 15, 8, 14, 14, 19, 20, 13, 9, 6, 18, 13, 20, 12
7, 17, 1, 4, 3, 7, 1, 8, 5, 13, 14, 6, 19, 13, 17, 11, 1, 11, 13, 4, 12, 11, 9, 9, 19, 7, 9, 3, 9, 11, 10, 2, 8, 7, 17, 5, 4, 15, 5, 1, 6, 15, 10, 16, 1, 9, 20, 7, 16, 19, 6, 8, 20, 16, 20, 17, 8, 13, 5, 16, 19, 18, 20, 15, 3, 12, 18, 13, 17, 13, 7, 7, 7, 13, 18, 17, 1, 14, 8, 10
8, 3, 7, 10, 6, 3, 3, 12, 7, 20, 18, 12, 10, 10, 3, 8, 16, 16, 13, 9, 11, 7, 10, 4, 13, 19, 2, 8, 18, 3, 16, 14, 5, 15, 8, 17, 11, 11, 10, 1, 9, 7, 7, 18, 15, 15, 17, 17, 11, 11, 2, 6, 1, 20, 20, 1, 13, 4, 17, 7, 2, 16, 15, 4, 4, 4, 8, 15, 2, 7, 18, 6, 6, 12, 20, 5, 1, 13, 9, 18
3, 5, 17, 8, 2, 11, 14, 6, 16, 8, 5, 8, 14, 3, 20, 14, 13, 3, 14, 12, 8, 2, 16, 5, 14, 17, 20, 9, 20, 15, 20, 20, 16, 20, 4, 17, 19, 7, 3, 13, 11, 3, 20, 15, 3, 10, 12, 4, 13, 7, 13, 18, 20, 17, 11, 2, 10, 13, 15, 5, 12, 5, 6, 2, 8, 5, 13, 15, 20, 3, 16, 6, 1, 1, 2, 5, 3, 1, 3, 4
5, 17, 17, 13, 2, 2, 20, 19, 9, 3, 8, 6, 13, 18, 2, 6, 17, 18, 7, 18, 18, 18, 5, 10, 11, 8, 18, 19, 16, 7, 19, 9, 11, 11, 1, 15, 9, 14, 1, 6, 5, 15, 6, 17, 16, 10, 14, 3, 19, 17, 8, 6, 14, 5, 6, 7, 13, 7, 3, 15, 5, 2, 3, 3, 5, 19, 15, 2, 18, 8, 17, 4, 18, 2, 13, 4, 13, 8, 15, 2
15, 15, 20, 20, 19, 14, 15, 6, 6, 14, 3, 2, 12, 7, 2, 4, 12, 4, 13, 17, 15, 12, 6, 12, 20, 5, 8, 13, 13, 3, 15, 5, 13, 1, 20, 10, 2, 4, 4, 11, 5, 10, 17, 4, 5, 16, 13, 12, 1, 9, 13, 9, 16, 18, 7, 3, 10, 9, 1, 15, 6, 3, 14, 3, 19, 19, 10, 11, 7, 12, 3, 9, 20, 2, 13, 6, 16, 2, 7, 5
12, 17, 13, 4, 11, 7, 9, 15, 15, 18, 20, 13, 4, 10, 5, 2, 16, 14, 5, 7, 6, 3, 5, 9, 7, 4, 9, 15, 6, 1, 7, 9, 2, 16, 3, 9, 11, 10, 13, 13, 10, 15, 16, 9, 12, 10, 6, 11, 17, 11, 11, 3, 17, 20, 19, 10, 13, 4, 17, 7, 18, 15, 10, 15, 12, 12, 11, 8, 8, 17, 12, 6, 1, 13, 18, 12, 8, 17, 17, 18
19, 19, 18, 15, 10, 5, 12, 3, 18, 14, 17, 7, 14, 7, 15, 16, 6, 1, 18, 1, 19, 18, 3, 1, 19, 5, 2, 5, 3, 7, 3, 16, 7, 19, 8, 20, 17, 15, 5, 7, 20, 9, 10, 15, 20, 6, 13, 15, 18, 3, 7, 7, 20, 17, 20, 1, 16, 18, 16, 6, 4, 8, 20, 11, 11, 2, 20, 15, 20, 16, 20, 11, 16, 11, 1, 10, 9, 9, 2, 14
12, 8, 7, 1, 1, 16, 17, 11, 20, 7, 5, 19, 19, 20, 4, 12, 9, 19, 4, 19, 6, 19, 15, 3, 3, 16, 11, 9, 16, 11, 13, 7, 17, 3, 14, 16, 1, 20, 11, 16, 5, 10, 16, 13, 11, 1, 12, 17, 8, 10, 1, 10, 6, 4, 9, 14, 13, 5, 18, 5, 6, 9, 15, 10, 15, 19, 3, 17, 6, 8, 12, 10, 9, 9, 14, 17, 4, 3, 12, 3
5, 14, 1, 7, 10, 3, 2, 13, 15, 20, 4, 17, 3, 6, 11, 17, 15, 6, 19, 13, 18, 15, 11, 20, 19, 12, 2, 18, 10, 12, 11, 11, 14, 15, 1, 12, 8, 9, 20, 12, 17, 10, 3, 7, 5, 15, 8, 4, 18, 18, 2, 18, 5, 20, 6, 10, 3, 2, 9, 19, 2, 4, 4, 3, 9, 14, 4, 8, 6, 19, 9, 7, 7, 7, 16, 8, 13, 5, 15, 4
5, 18, 20, 13, 11, 14, 6, 14, 10, 11, 9, 7, 20, 2, 11, 13, 7, 1, 18, 12, 12, 20, 19, 19, 9, 16, 11, 18, 4, 18, 18, 19, 7, 6, 15, 4, 5, 11, 12, 16, 8, 10, 19, 16, 11, 3, 7, 5, 17, 3, 1, 12, 8, 4, 12, 5, 20, 1, 5, 16, 3, 8, 10, 12, 13, 11, 1, 15, 8, 7, 9, 17, 9, 2, 5, 3, 1, 3, 9, 7
9, 6, 2, 2, 18, 7, 11, 3, 15, 10, 4, 5, 7, 17, 13, 20, 20, 8, 3, 1, 2, 12, 18, 11, 15, 5, 4, 6, 19, 9, 4, 17, 13, 19, 7, 17, 7, 9, 15, 7, 20, 18, 1, 18, 3, 5, 11, 12, 10, 5, 4, 14, 1, 8, 5, 17, 9, 12, 8, 13, 3, 5, 5, 6, 7, 8, 12, 9, 10, 16, 13, 12, 14, 17, 2, 5, 12, 1, 8, 10
15, 12, 17, 15, 6, 11, 17, 5, 14, 10, 9, 16, 2, 2, 4, 15, 14, 15, 11, 16, 13, 3, 2, 14, 13, 12, 20, 4, 7, 1, 6, 8, 4, 18, 18, 12, 9, 10, 1, 17, 11, 7, 15, 1, 8, 18, 11, 12, 14, 7, 12, 17, 10, 13, 18, 13, 10, 3, 2, 14, 11, 14, 19, 14, 5, 1, 12, 4, 5, 12, 6, 4, 15, 15, 5, 6, 8, 2, 7, 15
2, 9, 10, 20, 10, 9, 19, 12, 1, 6, 2, 6, 8, 7, 6, 18, 9, 2, 16, 7, 7, 7, 8, 2, 1, 8, 3, 15, 8, 12, 6, 8, 17, 8, 12, 3, 4, 19, 4, 16, 3, 1, 4, 19, 11, 1, 16, 8, 10, 8, 18, 6, 7, 1, 9, 16, 1, 9, 19, 2, 7, 4, 4, 9, 1, 14, 10, 1, 15, 4, 15, 10, 18, 1, 4, 6, 4, 9, 12, 1
13, 15, 6, 1, 15, 20, 2, 17, 19, 17, 3, 15, 1, 3, 9, 20, 17, 15, 19, 17, 11, 15, 14, 7, 13, 8, 9, 6, 17, 3, 12, 12, 17, 18, 10, 13, 19, 4, 15, 1, 12, 13, 2, 18, 2, 20, 10, 16, 12, 5, 10, 10, 10, 16, 11, 18, 1, 20, 8, 8, 12, 16, 1, 17, 6, 11, 19, 3, 13, 17, 2, 13, 1, 19, 5, 18, 14, 16, 6, 14
18, 13, 15, 13, 13, 3, 3, 1, 8, 13, 12, 20, 16, 8, 10, 17, 13, 6, 13, 11, 1, 8, 3, 15, 4, 18, 10, 12, 12, 13, 5, 6, 14, 15, 10, 19, 2, 8, 4, 4, 9, 18, 15, 1, 5, 3, 18, 14, 9, 9, 5, 8, 3, 15, 13, 11, 10, 20, 9, 16, 14, 11, 10, 16, 8, 7, 6, 2, 18, 11, 15, 5, 3, 10, 3, 4, 13, 3, 11, 2
20, 16, 3, 3, 8, 17, 3, 20, 3, 19, 10, 2, 20, 8, 11, 18, 8, 20, 13, 19, 18, 16, 16, 19, 14, 1, 6, 14, 13, 10, 19, 7, 10, 8, 16, 18, 8, 8, 8, 12, 4, 6, 20, 20, 2, 14, 6, 15, 20, 5, 16, 13, 11, 13, 5, 5, 1, 5, 10, 8, 12, 10, 8, 14, 20, 3, 13, 12, 12, 14, 10, 1, 12, 2, 15, 12, 17, 16, 17, 20
15, 11, 15, 8, 14, 6, 17, 18, 4, 12, 17, 4, 19, 1, 20, 15, 19, 6, 1, 19, 2, 15, 3, 7, 16, 16, 2, 9, 18, 13, 8, 5, 8, 10, 13, 1, 15, 1, 20, 14, 6, 15, 8, 1, 17, 7, 3, 11, 2, 1, 14, 11, 16, 19, 19, 1, 8, 9, 13, 19, 5, 9, 20, 11, 5, 12, 16, 9, 8, 19, 20, 19, 7, 7, 14, 7, 7, 3, 10, 9
13, 11, 8, 17, 20, 17, 10, 10, 11, 13, 13, 7, 9, 2, 9, 18, 16, 18, 16, 5, 12, 14, 3, 3, 1, 16, 5, 9, 5, 13, 14, 6, 19, 4, 6, 15, 1, 3, 12, 9, 3, 6, 19, 16, 6, 14, 11, 6, 18, 16, 12, 10, 7, 6, 18, 20, 8, 5, 17, 5, 12, 1, 5, 19, 19, 8, 8, 5, 16, 15, 17, 13, 7, 8, 3, 6, 16, 8, 17, 7
6, 20, 12, 9, 1, 5, 19, 14, 7, 7, 7, 17, 7, 7, 17, 3, 1, 20, 17, 19, 7, 6, 10, 3, 20, 20, 4, 20, 3, 13, 4, 20, 8, 10, 20, 13, 10, 16, 19, 14, 10, 14, 19, 10, 9, 1, 6, 20, 12, 20, 5, 17, 12, 19, 1, 20, 10, 9, 10, 2, 2, 20, 11, 15, 3, 7, 9, 18, 7, 4, 14, 5, 2, 3, 10, 14, 8, 1, 15, 19
14, 4, 8, 4, 8, 8, 9, 10, 10, 1, 4, 1, 7, 18, 12, 10, 3, 5, 7, 3, 13, 9, 13, 8, 7, 20, 15, 9, 10, 7, 13, 10, 15, 12, 8, 19, 12, 8, 7, 15, 18, 20, 8, 7, 1, 13, 19, 5, 12, 20, 12, 4, 14, 13, 7, 6, 11, 1, 17, 8, 13, 1, 20, 3, 9, 15, 7, 16, 10, 14, 19, 15, 18, 12, 5, 13, 1, 6, 8, 15
2, 11, 18, 11, 16, 9, 16, 3, 5, 2, 8, 12, 12, 19, 2, 17, 20, 5, 19, 7, 7, 4, 15, 18, 1, 17, 6, 2, 8, 14, 5, 6, 13, 3, 7, 3, 4, 10, 8, 20, 19, 5, 11, 9, 6, 8, 4, 19, 10, 8, 14, 17, 7, 2, 9, 18, 17, 20, 10, 19, 4, 14, 15, 11, 18, 3, 19, 10, 13, 20, 14, 11, 17, 20, 8, 2, 13, 7, 12, 14
14, 7, 12, 20, 1, 9, 19, 12, 14, 9, 7, 5, 20, 9, 16, 6, 10, 1, 11, 4, 9, 14, 7, 11, 15, 4, 20, 8, 14, 7, 6, 10, 8, 17, 6, 17, 2, 15, 11, 10, 5, 8, 16, 5, 14, 10, 11, 9, 4, 3, 12, 13, 16, 9, 5, 20, 1, 2, 5, 18, 9, 11, 18, 8, 4, 17, 17, 3, 4, 19, 4, 15, 10, 2, 20, 2, 19, 3, 18, 6
13, 12, 4, 12, 15, 13, 15, 20, 13, 6, 17, 1, 11, 14, 1, 14, 10, 8, 1, 17, 14, 8, 5, 6, 19, 18, 4, 14, 9, 3, 2, 18, 5, 20, 5, 18, 8, 6, 14, 12, 3, 17, 11, 19, 3, 4, 5, 17, 2, 7, 13, 11, 2, 1, 13, 5, 8, 19, 14, 18, 10, 1, 12, 10, 5, 19, 16, 12, 9, 4, 7, 4, 15, 10, 15, 17, 17, 7, 4, 15
13, 7, 13, 3, 11, 11, 17, 4, 7, 20, 11, 9, 13, 16, 2, 2, 5, 2, 14, 4, 8, 14, 8, 18, 1, 9, 17, 12, 7, 16, 8, 1, 16, 19, 5, 3, 8, 9, 19, 15, 3, 13, 5, 10, 14, 18, 12, 19, 8, 13, 12, 16, 13, 20, 8, 19, 20, 16, 3, 3, 14, 5, 18, 11, 12, 10, 14, 15, 11, 20, 15, 17, 4, 20, 1, 16, 10, 19, 5, 3
17, 18, 4, 14, 5, 13, 8, 16, 12, 7, 4, 13, 7, 16, 1, 18, 15, 14, 18, 5, 4, 18, 9, 9, 19, 16, 12, 14, 19, 12, 10, 1, 11, 20, 6, 17, 1, 5, 7, 20, 2, 18, 3, 5, 16, 2, 10, 8, 19, 4, 2, 16, 2, 20, 19, 20, 10, 16, 15, 9, 1, 15, 17, 20, 17, 3, 2, 7, 10, 5, 17, 10, 8, 18, 3, 6, 15, 4, 14, 18
7, 5, 16, 16, 11, 15, 20, 12, 1, 7, 7, 6, 10, 19, 19, 8, 2, 3, 9, 13, 20, 3, 18, 15, 7, 12, 8, 4, 18, 14, 6, 6, 2, 18, 3, 17, 19, 1, 10, 2, 4, 11, 7, 4, 18, 12, 1, 10, 19, 16, 5, 12, 16, 1, 18, 4, 7, 1, 10, 19, 7, 16, 14, 8, 1, 1, 4, 12, 16, 3, 9, 1, 14, 7, 10, 10, 17, 14, 18, 16
11, 19, 5, 3, 9, 14, 11, 2, 1, 20, 11, 18, 12, 12, 16, 9, 17, 19, 4, 17, 8, 10, 14, 17, 7, 5, 19, 10, 11, 9, 7, 13, 4, 15, 8, 9, 11, 12, 20, 8, 11, 2, 11, 17, 13, 11, 9, 3, 12, 2, 13, 19, 11, 1, 8, 2, 6, 8, 16, 4, 16, 2, 12, 13, 13, 18, 15, 18, 4, 7, 18, 6, 20, 17, 7, 6, 19, 17, 5, 16
17, 17, 18, 10, 16, 9, 2, 3, 7, 6, 3, 3, 17, 16, 12, 9, 11, 18, 5, 15, 17, 12, 19, 5, 4, 8, 20, 15, 15, 3, 4, 9, 4, 20, 8, 20, 4, 2, 18, 5, 16, 12, 11, 18, 5, 15, 9, 4, 5, 18, 15, 1, 13, 10, 20, 5, 18, 14, 6, 9, 10, 8, 9, 4, 3, 14, 20, 17, 9, 13, 5, 10, 1, 1, 20, 6, 1, 1, 1, 10
19, 16, 11, 18, 9, 3, 17, 14, 20, 3, 2, 11, 16, 9, 16, 9, 3, 7, 16, 11, 16, 12, 15, 13, 13, 5, 20, 12, 11, 15, 4, 17, 14, 17, 10, 14, 17, 11, 16, 20, 17, 6, 18, 6, 11, 15, 14, 13, 5, 11, 3, 15, 6, 10, 15, 7, 2, 18, 5, 4, 4, 6, 3, 6, 20, 6, 17, 20, 19, 2, 12, 13, 12, 17, 14, 10, 15, 10, 2, 18
12, 8, 7, 1, 13, 10, 12, 4, 3, 4, 13, 20, 6, 12, 17, 12, 4, 12, 7, 6, 19, 15, 14, 4, 20, 11, 3, 10, 17, 6, 13, 13, 17, 8, 13, 16, 19, 3, 14, 10, 14, 13, 18, 16, 10, 13, 7, 20, 20, 2, 6, 4, 3, 17, 19, 17, 14, 4, 2, 3, 7, 3, 8, 17, 11, 20, 4, 19, 20, 1, 14, 1, 19, 17, 12, 6, 18, 18, 14, 7
4, 3, 10, 15, 20, 9, 10, 20, 9, 17, 3, 15, 2, 11, 4, 12, 5, 1, 5, 10, 10, 8, 1, 20, 8, 6, 5, 7, 5, 13, 19, 16, 11, 15, 19, 4, 14, 13, 18, 3, 11, 4, 10, 4, 18, 20, 20, 8, 14, 1, 2, 18, 14, 4, 18, 17, 3, 10, 7, 15, 5, 4, 15, 16, 18, 7, 5, 7, 13, 20, 19, 12, 3, 3, 20, 6, 18, 17, 2, 9
6, 18, 14, 5, 12, 2, 3, 7, 18, 3, 2, 4, 7, 4, 19, 8, 9, 15, 7, 12, 16, 13, 15, 15, 3, 10, 15, 11, 5, 12, 19, 6, 9, 19, 9, 7, 10, 11, 4, 17, 5, 18, 10, 11, 18, 15, 6, 20, 5, 12, 17, 4, 11, 11, 13, 13, 3, 19, 2, 3, 7, 12, 2, 6, 4, 16, 16, 8, 15, 12, 18, 19, 11, 11, 7, 18, 4, 5, 17, 8
4, 16, 7, 14, 15, 15, 16, 18, 6, 16, 4, 12, 10, 2, 10, 13, 17, 4, 7, 3, 20, 19, 5, 13, 15, 19, 14, 1, 4, 16, 10, 19, 3, 14, 20, 12, 6, 9, 12, 10, 1, 18, 2, 20, 8, 7, 10, 10, 1, 15, 2, 1, 18, 14, 8, 6, 11, 14, 20, 16, 2, 15, 15, 11, 7, 6, 9, 16, 2, 19, 8, 9, 12, 18, 3, 3, 17, 6, 6, 8
10, 4, 1, 10, 15, 10, 2, 10, 6, 15, 1, 12, 9, 16, 8, 6, 4, 12, 14, 3, 19, 14, 8, 3, 8, 13, 9, 20, 11, 6, 9, 6, 9, 12, 7, 18, 15, 5, 17, 17, 5, 20, 10, 8, 19, 16, 20, 17, 11, 18, 19, 6, 13, 3, 10, 17, 16, 19, 2, 2, 2, 2, 19, 1, 6, 15, 4, 18, 10, 10, 11, 19, 15, 17, 18, 20, 4, 1, 5, 12
13, 13, 10, 14, 7, 4, 14, 6, 3, 11, 2, 17, 3, 16, 16, 4, 1, 10, 3, 4, 12, 3, 7, 1, 7, 1, 11, 16, 6, 11, 13, 16, 14, 11, 9, 10, 12, 5, 14, 2, 2, 19, 16, 20, 8, 15, 16, 20, 2, 15, 19, 14, 19, 1, 20, 11, 6, 10, 8, 7, 14, 18, 1, 12, 18, 7, 3, 13, 7, 7, 12, 17, 17, 1, 2, 14, 7, 8, 13, 12
5, 11, 15, 11, 13, 19, 18, 14, 11, 18, 4, 3, 18, 8, 8, 5, 18, 4, 2, 2, 13, 3, 13, 16, 4, 3, 18, 18, 20, 7, 4, 19, 18, 16, 2, 3, 3, 11, 20, 19, 10, 10, 3, 9, 3, 10, 19, 10, 13, 17, 17, 4, 6, 12, 20, 3, 18, 20, 7, 10, 2, 20, 14, 4, 15, 6, 5, 2, 6, 6, 3, 8, 5, 3, 12, 3, 20, 4, 13, 15
4, 8, 5, 3, 10, 1, 13, 7, 17, 20, 5, 3, 4, 10, 18, 11, 17, 19, 15, 17, 5, 18, 5, 8, 15, 9, 19, 3, 20, 17, 3, 15, 7, 13, 7, 14, 15, 11, 14, 14, 14, 19, 6, 6, 1, 20, 5, 15, 6, 2, 7, 2, 10, 17, 10, 7, 4, 17, 8, 2, 2, 10, 7, 20, 18, 11, 16, 11, 3, 4, 16, 6, 5, 2, 4, 6, 12, 19, 8, 16
4, 5, 17, 18, 11, 2, 5, 11, 4, 1, 11, 18, 3, 13, 12, 4, 12, 7, 9, 10, 4, 15, 12, 3, 7, 2, 17, 8, 14, 4, 15, 6, 10, 13, 18, 18, 14, 10, 9, 17, 6, 6, 8, 3, 14, 18, 3, 13, 10, 20, 14, 6, 10, 19, 13, 10, 13, 15, 11, 10, 5, 18, 17, 20, 7, 5, 9, 11, 15, 15, 11, 3, 18, 12, 4, 18, 8, 10, 10, 9
19, 4, 19, 14, 11, 9, 16, 12, 1, 8, 5, 19, 19, 20, 12, 9, 9, 8, 16, 9, 10, 13, 18, 15, 10, 12, 9, 19, 15, 15, 3, 4, 5, 2, 11, 2, 19, 4, 10, 18, 9, 18, 10, 7, 10, 12, 4, 19, 1, 15, 10, 20, 14, 1, 20, 7, 6, 4, 5, 19, 1, 18, 17, 6, 6, 2, 14, 17, 10, 11, 10, 6, 19, 19, 20, 13, 3, 11, 6, 19
9, 11, 18, 20, 6, 4, 10, 5, 3, 4, 16, 16, 20, 11, 18, 12, 1, 4, 2, 8, 18, 7, 9, 11, 5, 4, 1, 16, 1, 8, 5, 16, 19, 6, 11, 11, 20, 18, 1, 2, 13, 10, 15, 6, 15, 15, 7, 9, 1, 9, 13, 19, 9, 18, 1, 2, 2, 8, 15, 2, 4, 15, 4, 15, 20, 1, 17, 14, 1, 7, 12, 3, 4, 1, 16, 8, 13, 4, 16, 11
18, 12, 15, 13, 16, 6, 7, 2, 6, 9, 10, 13, 3, 20, 18, 18, 7, 20, 6, 15, 19, 13, 9, 14, 17, 10, 16, 9, 2, 13, 10, 18, 13, 5, 4, 12, 20, 11, 20, 14, 14, 16, 9, 12, 18, 20, 20, 5, 3, 18, 2, 13, 18, 1, 12, 5, 4, 1, 16, 6, 11, 19, 1, 13, 20, 12, 20, 19, 16, 7, 19, 16, 1, 13, 1, 4, 5, 17, 17, 18
11, 11, 6, 4, 12, 18, 20, 12, 13, 20, 8, 19, 15, 14, 3, 16, 15, 16, 12, 7, 20, 2, 9, 17, 20, 6, 12, 6, 1, 9, 1, 7, 5, 19, 16, 20, 13, 17, 1, 3, 12, 9, 6, 17, 19, 20, 1, 8, 10, 6, 9, 9, 6, 10, 18, 9, 3, 10, 4, 6, 6, 14, 12, 4, 20, 2, 15, 17, 18, 3, 4, 19, 16, 9, 15, 11, 16, 13, 18, 1
5, 4, 17, 15, 1, 12, 2, 15, 1, 7, 18, 3, 13, 15, 17, 18, 18, 2, 17, 17, 5, 5, 11, 7, 2, 10, 14, 17, 16, 7, 14, 10, 12, 4, 2, 2, 18, 17, 4, 9, 1, 20, 16, 11, 5, 1, 6, 1, 12, 17, 14, 14, 17, 2, 16, 20, 14, 11, 14, 11, 18, 5, 20, 14, 14, 9, 12, 10, 14, 16, 1, 1, 19, 9, 17, 6, 10, 20, 2, 2
4, 14, 5, 20, 14, 1, 14, 11, 8, 2, 9, 8, 4, 14, 11, 16, 1, 2, 18, 17, 10, 17, 7, 17, 16, 13, 16, 8, 5, 11, 11, 15, 9, 13, 7, 5, 20, 20, 1, 13, 16, 1, 2, 13, 7, 14, 18, 6, 19, 2, 6, 8, 3, 6, 12, 8, 7, 8, 5, 1, 6, 6, 7, 18, 11, 14, 19, 12, 7, 7, 17, 1, 1, 5, 1, 9, 15, 15, 10, 2
15, 10, 9, 4, 5, 3, 13, 4, 1, 20, 18, 12, 16, 20, 8, 10, 15, 5, 2, 14, 16, 7, 19, 13, 5, 5, 7, 18, 5, 3, 13, 12, 19, 3, 6, 16, 17, 4, 13, 9, 2, 16, 11, 8, 9, 5, 6, 2, 17, 11, 15, 11, 13, 17, 7, 9, 12, 17, 19, 1, 16, 15, 19, 18, 7, 6, 14, 14, 14, 13, 13, 12, 12, 14, 12, 20, 16, 11, 4, 1
200
29, 12, 1853
21, 17, 1915
29, 4, 1015
27, 8, 2159
8, 24, 1577
12, 33, 3314
1, 5, 38
18, 15, 1651
28, 7, 1926
30, 10, 2039
19, 2, 312
27, 4, 801
20, 11, 1590
9, 14, 1008
28, 33, 6550
20, 13, 2583
1, 9, 52
4, 21, 454
15, 14, 2024
26, 31, 5030
4, 39, 1424
12, 11, 764
11, 15, 1231
5, 30, 1176
7, 31, 1921
29, 28, 6309
25, 11, 2574
30, 39, 6104
6, 20, 912
17, 17, 2541
17, 32, 4029
6, 7, 288
24, 22, 4049
8, 12, 930
15, 35, 3856
18, 36, 5677
10, 22, 1829
12, 2, 181
12, 6, 718
24, 8, 1708
20, 32, 6245
23, 25, 5571
3, 2, 47
12, 7, 480
1, 22, 216
29, 20, 3227
18, 24, 3464
24, 11, 2485
3, 8, 211
30, 33, 5119
12, 40, 3204
23, 25, 4322
30, 31, 5844
16, 21, 3123
5, 37, 1255
16, 15, 1788
17, 18, 2515
27, 9, 1943
6, 35, 1609
3, 26, 552
6, 5, 181
17, 1, 100
25, 11, 2644
15, 38, 4909
26, 2, 282
23, 25, 3849
16, 24, 3512
9, 18, 1117
12, 20, 2138
23, 24, 4838
30, 37, 6237
26, 15, 2714
20, 24, 4555
6, 29, 946
18, 3, 403
28, 2, 326
16, 18, 1806
6, 22, 699
18, 37, 5627
25, 7, 1332
12, 3, 303
6, 20, 619
18, 1, 151
21, 4, 430
14, 14, 1832
23, 29, 4517
27, 19, 3761
19, 9, 981
15, 32, 3294
2, 11, 159
22, 33, 5138
12, 32, 3138
13, 16, 1639
14, 13, 920
15, 33, 3305
7, 31, 1297
6, 34, 1224
11, 38, 3565
2, 32, 592
17, 27, 3949
20, 22, 3884
8, 40, 2043
19, 3, 447
8, 14, 732
24, 18, 2474
14, 6, 589
25, 11, 1405
6, 35, 1475
8, 15, 1124
22, 13, 2857
24, 35, 7243
26, 33, 7672
8, 10, 730
2, 25, 422
19, 39, 5573
27, 23, 4715
17, 25, 3487
14, 30, 2946
21, 20, 3485
11, 40, 3576
13, 36, 4086
18, 19, 2534
18, 37, 5405
11, 9, 941
18, 31, 4598
11, 22, 2322
28, 15, 3800
11, 6, 566
11, 14, 871
10, 7, 461
4, 36, 899
6, 27, 1394
29, 3, 653
1, 13, 106
27, 9, 1689
23, 35, 7949
23, 15, 3333
23, 19, 3565
25, 2, 437
1, 9, 50
11, 11, 1069
10, 10, 662
20, 16, 1756
28, 16, 3345
13, 36, 2452
6, 19, 1109
10, 25, 1836
5, 23, 1030
12, 16, 1366
19, 16, 2444
30, 37, 10224
12, 27, 1697
26, 24, 6159
2, 4, 59
27, 34, 9051
14, 13, 1439
18, 26, 3713
25, 29, 5788
20, 8, 1355
30, 37, 10209
28, 2, 558
15, 39, 4327
20, 2, 241
1, 13, 121
30, 11, 2523
30, 12, 3130
25, 38, 5061
26, 2, 453
1, 7, 42
8, 30, 1773
11, 36, 3317
5, 7, 184
15, 16, 2247
15, 32, 3110
12, 24, 1915
22, 34, 5382
3, 27, 775
29, 7, 1998
24, 3, 719
8, 19, 1357
9, 17, 982
22, 26, 4055
6, 34, 1121
15, 20, 2837
27, 14, 2191
24, 19, 3308
13, 13, 1132
24, 8, 1035
17, 16, 2362
22, 15, 1818
2, 10, 192
3, 9, 186
1, 26, 251
28, 22, 6133
11, 24, 1555
1, 4, 36
25, 1, 199
17, 34, 3366
14, 20, 1719
7, 7, 305

