40
60
0, 0, 0, 0, 0, 0, 0, 0, 0, 0, 0, 0, 0, 0, 0, 0, 0, 0, 0, 0, 0, 0, 0, 0, 0, 0, 0, 0, 0, 0, 0, 0, 0, 0, 0, 0, 0, 0, 0, 0, 0, 0, 0, 0, 0, 0, 0, 0, 0, 0, 0, 0, 0, 0, 0, 0, 0, 0, 0, 0
0, 0, 0, 0, 0, 0, 0, 0, 0, 0, 0, 0, 0, 0, 0, 0, 0, 0, 0, 0, 0, 0, 0, 0, 0, 0, 0, 0, 0, 0, 0, 0, 0, 0, 0, 0, 0, 0, 0, 0, 0, 0, 0, 0, 0, 0, 0, 0, 0, 0, 0, 0, 0, 0, 0, 0, 0, 0, 0, 0
0, 0, 0, 0, 0, 0, 0, 0, 0, 0, 0, 0, 0, 0, 0, 0, 0, 0, 0, 0, 0, 0, 0, 0, 0, 0, 0, 0, 0, 0, 0, 0, 0, 0, 0, 0, 0, 0, 0, 0, 0, 0, 0, 0, 0, 0, 0, 0, 0, 0, 0, 0, 0, 0, 0, 0, 0, 0, 0, 0
0, 0, 0, 0, 0, 0, 0, 0, 0, 0, 0, 0, 0, 0, 0, 0, 0, 0, 0, 0, 0, 0, 0, 0, 0, 0, 0, 0, 0, 0, 0, 0, 100, 100, 0, 0, 0, 0, 0, 0, 0, 0, 0, 0, 0, 0, 0, 0, 0, 0, 0, 0, 0, 0, 0, 0, 0, 0, 0, 0
0, 0, 0, 0, 0, 0, 0, 0, 0, 0, 0, 0, 0, 0, 0, 0, 0, 0, 0, 0, 0, 0, 0, 0, 0, 0, 0, 0, 0, 0, 0, 0, 100, 100, 0, 0, 0, 0, 0, 0, 0, 0, 0, 0, 0, 0, 0, 0, 0, 0, 0, 0, 0, 0, 0, 0, 0, 0, 0, 0
0, 0, 0, 0, 0, 0, 0, 0, 0, 0, 0, 0, 0, 0, 0, 0, 0, 0, 0, 0, 0, 0, 0, 0, 0, 0, 0, 0, 0, 0, 0, 0, 100, 100, 100, 100, 100, 100, 0, 0, 0, 0, 0, 0, 0, 0, 0, 0, 0, 0, 0, 0, 0, 0, 0, 0, 0, 0, 0, 0
0, 0, 0, 0, 0, 0, 0, 0, 0, 100, 100, 100, 100, 0, 0, 0, 0, 0, 0, 0, 0, 0, 0, 0, 0, 0, 0, 0, 0, 0, 0, 0, 100, 100, 100, 0, 100, 100, 0, 0, 0, 100, 0, 0, 0, 0, 0, 0, 0, 0, 0, 0, 0, 0, 0, 0, 0, 0, 0, 0
0, 0, 0, 0, 0, 0, 0, 0, 0, 100, 100, 100, 100, 0, 0, 0, 0, 0, 0, 0, 0, 0, 0, 0, 0, 0, 0, 0, 0, 0, 0, 0, 100, 100, 100, 0, 100, 100, 100, 0, 0, 100, 0, 0, 0, 0, 0, 0, 0, 0, 0, 0, 0, 0, 0, 0, 0, 0, 0, 0
0, 0, 0, 0, 0, 0, 0, 0, 0, 100, 100, 0, 100, 0, 0, 0, 0, 0, 0, 0, 0, 0, 0, 0, 0, 0, 0, 0, 0, 0, 0, 0, 0, 0, 0, 0, 100, 100, 100, 0, 0, 100, 0, 0, 0, 0, 0, 0, 0, 0, 0, 0, 0, 0, 0, 0, 0, 0, 0, 0
0, 0, 0, 0, 0, 0, 0, 0, 0, 0, 100, 100, 100, 0, 0, 0, 0, 0, 0, 0, 0, 0, 0, 0, 0, 0, 0, 0, 0, 0, 100, 100, 100, 100, 100, 0, 0, 0, 0, 100, 0, 0, 0, 0, 0, 0, 0, 0, 0, 0, 0, 0, 0, 0, 0, 0, 0, 0, 0, 0
0, 0, 0, 0, 0, 0, 0, 0, 0, 0, 100, 0, 100, 100, 0, 0, 0, 0, 0, 0, 0, 0, 0, 0, 0, 0, 0, 0, 0, 100, 100, 0, 0, 0, 0, 100, 100, 0, 0, 100, 0, 0, 100, 0, 0, 0, 0, 0, 0, 0, 0, 0, 0, 0, 0, 0, 0, 0, 0, 0
0, 0, 0, 0, 0, 0, 0, 0, 0, 0, 100, 0, 100, 0, 100, 100, 0, 0, 0, 0, 0, 0, 0, 0, 0, 0, 0, 0, 0, 100, 100, 100, 0, 0, 0, 100, 100, 0, 100, 100, 100, 100, 100, 100, 0, 0, 0, 0, 0, 0, 0, 0, 0, 0, 0, 0, 0, 0, 0, 0
0, 0, 0, 0, 0, 0, 0, 0, 0, 0, 100, 100, 100, 100, 100, 100, 0, 0, 0, 0, 0, 0, 0, 0, 0, 0, 0, 0, 0, 0, 0, 100, 100, 0, 100, 100, 100, 100, 100, 100, 100, 100, 100, 100, 0, 0, 0, 0, 0, 0, 0, 0, 0, 0, 0, 0, 0, 0, 0, 0
0, 0, 0, 0, 0, 0, 0, 0, 0, 0, 100, 100, 100, 100, 100, 100, 0, 0, 0, 0, 0, 0, 0, 0, 0, 0, 0, 0, 100, 100, 100, 100, 100, 100, 100, 100, 100, 100, 0, 100, 100, 100, 100, 0, 0, 0, 0, 0, 0, 0, 0, 0, 0, 0, 0, 0, 0, 0, 0, 0
0, 0, 0, 0, 0, 0, 0, 0, 0, 0, 0, 0, 0, 100, 100, 0, 100, 0, 0, 0, 0, 0, 0, 0, 0, 100, 100, 0, 0, 100, 0, 100, 100, 100, 0, 100, 0, 100, 0, 100, 100, 100, 100, 100, 0, 0, 0, 0, 0, 0, 0, 0, 0, 0, 0, 0, 0, 0, 0, 0
0, 0, 0, 0, 0, 0, 0, 0, 0, 0, 0, 0, 0, 100, 100, 0, 0, 0, 0, 0, 0, 0, 0, 0, 0, 0, 100, 100, 100, 100, 100, 0, 100, 100, 100, 0, 0, 100, 100, 100, 100, 100, 100, 100, 100, 0, 100, 100, 0, 0, 0, 0, 0, 0, 0, 0, 0, 0, 0, 0
0, 0, 0, 0, 0, 0, 0, 0, 0, 0, 0, 0, 0, 0, 0, 0, 0, 100, 100, 100, 100, 100, 0, 0, 0, 0, 100, 100, 100, 100, 0, 100, 100, 100, 100, 0, 0, 0, 0, 0, 100, 100, 100, 100, 100, 100, 100, 100, 100, 0, 0, 0, 0, 0, 0, 0, 0, 0, 0, 0
0, 0, 0, 0, 0, 0, 0, 0, 0, 0, 0, 0, 0, 0, 0, 0, 0, 0, 100, 100, 100, 100, 100, 100, 0, 0, 0, 100, 100, 100, 100, 100, 100, 100, 100, 0, 0, 0, 100, 100, 100, 100, 100, 100, 0, 100, 100, 100, 100, 0, 0, 0, 0, 0, 0, 0, 0, 0, 0, 0
0, 0, 0, 0, 0, 0, 0, 0, 0, 0, 0, 0, 0, 0, 0, 0, 0, 0, 0, 100, 0, 100, 100, 100, 100, 100, 100, 100, 100, 100, 100, 100, 100, 100, 0, 0, 0, 0, 100, 100, 100, 100, 100, 100, 0, 100, 0, 100, 100, 0, 0, 0, 0, 0, 0, 0, 0, 0, 0, 0
0, 0, 0, 0, 0, 0, 0, 0, 0, 0, 0, 0, 0, 0, 0, 0, 0, 0, 0, 100, 0, 0, 100, 100, 100, 100, 100, 100, 100, 100, 100, 100, 100, 100, 100, 0, 100, 100, 100, 100, 100, 100, 100, 100, 100, 100, 0, 0, 100, 0, 0, 0, 0, 0, 0, 0, 0, 0, 0, 0
0, 0, 0, 0, 0, 0, 0, 0, 0, 0, 0, 0, 0, 0, 0, 0, 0, 0, 0, 0, 0, 0, 0, 0, 100, 100, 100, 100, 100, 100, 100, 100, 100, 100, 100, 100, 100, 100, 100, 100, 100, 100, 100, 100, 100, 0, 0, 100, 100, 0, 0, 0, 0, 0, 0, 0, 0, 0, 0, 0
0, 0, 0, 0, 0, 0, 0, 0, 0, 0, 0, 0, 0, 0, 0, 0, 0, 0, 0, 0, 0, 0, 0, 0, 100, 100, 100, 100, 100, 100, 100, 100, 100, 100, 100, 100, 100, 100, 100, 100, 100, 100, 100, 0, 100, 0, 0, 100, 100, 0, 0, 0, 0, 0, 0, 0, 0, 0, 0, 0
0, 0, 0, 0, 0, 0, 0, 0, 0, 0, 0, 0, 0, 0, 0, 0, 0, 0, 0, 0, 0, 0, 0, 0, 0, 100, 100, 100, 100, 100, 100, 100, 0, 0, 100, 100, 100, 100, 100, 100, 100, 100, 100, 100, 100, 0, 0, 0, 100, 0, 0, 0, 0, 0, 0, 0, 0, 0, 0, 0
0, 0, 0, 0, 0, 0, 0, 0, 0, 0, 0, 0, 0, 0, 0, 0, 0, 0, 0, 0, 0, 0, 0, 0, 100, 0, 100, 100, 100, 100, 100, 0, 0, 0, 0, 100, 100, 0, 100, 100, 100, 100, 100, 100, 0, 100, 100, 100, 100, 100, 0, 0, 0, 0, 0, 0, 0, 0, 0, 0
0, 0, 0, 0, 0, 0, 0, 0, 0, 0, 0, 0, 0, 0, 0, 0, 0, 0, 0, 0, 0, 0, 0, 0, 100, 0, 100, 100, 100, 100, 100, 0, 0, 0, 0, 0, 0, 100, 100, 0, 100, 100, 100, 100, 100, 100, 100, 0, 100, 100, 0, 0, 0, 0, 100, 100, 0, 0, 0, 0
0, 0, 0, 0, 0, 0, 0, 0, 0, 0, 0, 0, 0, 0, 0, 0, 0, 0, 0, 0, 0, 0, 0, 0, 0, 0, 0, 100, 0, 100, 100, 0, 0, 0, 100, 100, 100, 100, 100, 0, 0, 100, 100, 100, 100, 100, 100, 100, 100, 0, 0, 0, 0, 0, 100, 100, 0, 0, 0, 0
0, 0, 0, 0, 0, 0, 0, 0, 0, 0, 0, 0, 0, 0, 0, 0, 0, 0, 0, 0, 0, 0, 0, 0, 0, 0, 0, 0, 0, 0, 100, 0, 0, 100, 100, 100, 100, 100, 100, 0, 0, 100, 0, 100, 100, 100, 100, 100, 100, 0, 0, 0, 0, 100, 100, 100, 100, 0, 0, 0
0, 0, 0, 0, 0, 0, 0, 0, 0, 0, 0, 0, 0, 0, 0, 0, 0, 0, 0, 0, 0, 0, 0, 0, 0, 0, 0, 0, 0, 0, 0, 0, 0, 100, 100, 100, 100, 100, 100, 100, 0, 100, 0, 100, 100, 100, 100, 100, 100, 0, 100, 0, 0, 0, 100, 100, 100, 0, 0, 0
0, 0, 0, 0, 0, 0, 0, 0, 0, 0, 0, 0, 0, 0, 0, 0, 0, 0, 0, 0, 0, 0, 0, 0, 0, 0, 0, 0, 0, 0, 0, 0, 0, 100, 100, 100, 100, 100, 100, 100, 0, 0, 0, 100, 100, 100, 100, 100, 100, 0, 0, 100, 0, 0, 100, 100, 100, 0, 0, 0
0, 0, 0, 0, 0, 0, 0, 0, 0, 0, 0, 0, 0, 0, 0, 0, 0, 0, 0, 0, 0, 0, 0, 0, 0, 0, 0, 0, 0, 0, 0, 0, 100, 100, 100, 100, 100, 100, 100, 100, 100, 100, 100, 100, 100, 100, 100, 100, 100, 0, 100, 100, 0, 0, 100, 100, 0, 0, 0, 0
0, 0, 0, 0, 0, 0, 0, 0, 0, 0, 0, 0, 0, 0, 0, 0, 0, 0, 0, 0, 0, 0, 0, 0, 0, 0, 0, 0, 0, 0, 0, 0, 100, 100, 100, 100, 100, 100, 100, 0, 0, 0, 0, 0, 100, 0, 0, 100, 0, 100, 0, 0, 0, 0, 0, 0, 0, 0, 0, 0
0, 0, 0, 0, 0, 0, 0, 0, 0, 0, 0, 0, 0, 0, 0, 0, 0, 0, 0, 0, 0, 0, 0, 0, 0, 0, 0, 0, 0, 0, 0, 0, 0, 100, 100, 100, 100, 100, 100, 0, 0, 0, 0, 0, 100, 0, 100, 0, 0, 100, 0, 0, 0, 0, 0, 0, 0, 0, 0, 0
0, 0, 0, 0, 0, 0, 0, 0, 0, 0, 0, 0, 0, 0, 0, 0, 0, 0, 0, 0, 0, 0, 0, 0, 0, 0, 0, 0, 0, 0, 0, 0, 100, 100, 100, 100, 0, 100, 0, 0, 0, 0, 0, 0, 0, 0, 100, 100, 100, 0, 0, 0, 0, 0, 0, 0, 0, 0, 0, 0
0, 0, 0, 0, 0, 0, 0, 0, 0, 0, 0, 0, 0, 0, 0, 0, 0, 0, 0, 0, 0, 0, 0, 0, 0, 0, 0, 0, 0, 0, 0, 0, 0, 0, 100, 100, 0, 0, 0, 0, 0, 0, 0, 0, 0, 0, 100, 100, 0, 0, 0, 0, 0, 0, 0, 0, 0, 0, 0, 0
0, 0, 0, 0, 0, 0, 0, 0, 0, 0, 0, 0, 0, 0, 0, 0, 0, 0, 0, 0, 0, 0, 0, 0, 0, 0, 0, 0, 0, 0, 0, 0, 0, 0, 100, 0, 0, 0, 0, 0, 0, 0, 0, 0, 0, 0, 0, 0, 0, 0, 0, 0, 0, 0, 0, 0, 0, 0, 0, 0
0, 0, 0, 0, 0, 0, 0, 0, 0, 0, 0, 0, 0, 0, 0, 0, 0, 0, 0, 0, 0, 0, 0, 0, 0, 0, 0, 0, 0, 0, 0, 0, 0, 0, 0, 0, 0, 0, 0, 0, 0, 0, 0, 0, 0, 0, 0, 0, 0, 0, 0, 0, 0, 0, 0, 0, 0, 0, 0, 0
0, 0, 0, 0, 0, 0, 0, 0, 0, 0, 0, 0, 0, 0, 0, 0, 0, 0, 0, 0, 0, 0, 0, 0, 0, 0, 0, 0, 0, 0, 0, 0, 0, 0, 0, 0, 0, 0, 0, 0, 0, 0, 0, 0, 0, 0, 0, 0, 0, 0, 0, 0, 0, 0, 0, 0, 0, 0, 0, 0
0, 0, 0, 0, 0, 0, 0, 0, 0, 0, 0, 0, 0, 0, 0, 0, 0, 0, 0, 0, 0, 0, 0, 0, 0, 0, 0, 0, 0, 0, 0, 0, 0, 0, 0, 0, 0, 0, 0, 0, 0, 0, 0, 0, 0, 0, 0, 0, 0, 0, 0, 0, 0, 0, 0, 0, 0, 0, 0, 0
0, 0, 0, 0, 0, 0, 0, 0, 0, 0, 0, 0, 0, 0, 0, 0, 0, 0, 0, 0, 0, 0, 0, 0, 0, 0, 0, 0, 0, 0, 0, 0, 0, 0, 0, 0, 0, 0, 0, 0, 0, 0, 0, 0, 0, 0, 0, 0, 0, 0, 0, 0, 0, 0, 0, 0, 0, 0, 0, 0
0, 0, 0, 0, 0, 0, 0, 0, 0, 0, 0, 0, 0, 0, 0, 0, 0, 0, 0, 0, 0, 0, 0, 0, 0, 0, 0, 0, 0, 0, 0, 0, 0, 0, 0, 0, 0, 0, 0, 0, 0, 0, 0, 0, 0, 0, 0, 0, 0, 0, 0, 0, 0, 0, 0, 0, 0, 0, 0, 0
500
4, 4, 14
4, 4, 14
4, 4, 14
4, 4, 14
4, 4, 14
4, 4, 14
4, 4, 14
4, 4, 14
4, 4, 14
4, 4, 14
4, 4, 14
4, 4, 14
4, 4, 14
4, 4, 14
4, 4, 14
4, 4, 14
4, 4, 14
4, 4, 14
4, 4, 14
4, 4, 14
4, 4, 14
4, 4, 14
4, 4, 14
4, 4, 14
4, 4, 14
4, 4, 14
4, 4, 14
4, 4, 14
4, 4, 14
4, 4, 14
4, 4, 14
4, 4, 14
4, 4, 14
4, 4, 14
4, 4, 14
4, 4, 14
4, 4, 14
4, 4, 14
4, 4, 14
4, 4, 14
4, 4, 14
4, 4, 14
4, 4, 14
4, 4, 14
4, 4, 14
4, 4, 14
4, 4, 14
4, 4, 14
4, 4, 14
4, 4, 14
4, 4, 14
4, 4, 14
4, 4, 14
4, 4, 14
4, 4, 14
4, 4, 14
4, 4, 14
4, 4, 14
4, 4, 14
4, 4, 14
4, 4, 14
4, 4, 14
4, 4, 14
4, 4, 14
4, 4, 14
4, 4, 14
4, 4, 14
4, 4, 14
4, 4, 14
4, 4, 14
4, 4, 14
4, 4, 14
4, 4, 14
4, 4, 14
4, 4, 14
4, 4, 14
4, 4, 14
4, 4, 14
4, 4, 14
4, 4, 14
4, 4, 14
4, 4, 14
4, 4, 14
4, 4, 14
4, 4, 14
4, 4, 14
4, 4, 14
4, 4, 14
4, 4, 14
4, 4, 14
4, 4, 14
4, 4, 14
4, 4, 14
4, 4, 14
4, 4, 14
4, 4, 14
4, 4, 14
4, 4, 14
4, 4, 14
4, 4, 14
4, 6, 16
4, 6, 16
4, 6, 16
4, 6, 16
4, 6, 16
4, 6, 16
4, 6, 16
4, 6, 16
4, 6, 16
4, 6, 16
4, 6, 16
4, 6, 16
4, 6, 16
4, 6, 16
4, 6, 16
4, 6, 16
4, 6, 16
4, 6, 16
4, 6, 16
4, 6, 16
4, 6, 16
4, 6, 16
4, 6, 16
4, 6, 16
4, 6, 16
4, 6, 16
4, 6, 16
4, 6, 16
4, 6, 16
4, 6, 16
4, 6, 16
4, 6, 16
4, 6, 16
4, 6, 16
4, 6, 16
4, 6, 16
4, 6, 16
4, 6, 16
4, 6, 16
4, 6, 16
4, 6, 16
4, 6, 16
4, 6, 16
4, 6, 16
4, 6, 16
4, 6, 16
4, 6, 16
4, 6, 16
4, 6, 16
4, 6, 16
4, 6, 16
4, 6, 16
4, 6, 16
4, 6, 16
4, 6, 16
4, 6, 16
4, 6, 16
4, 6, 16
4, 6, 16
4, 6, 16
4, 6, 16
4, 6, 16
4, 6, 16
4, 6, 16
4, 6, 16
4, 6, 16
4, 6, 16
4, 6, 16
4, 6, 16
4, 6, 16
4, 6, 16
4, 6, 16
4, 6, 16
4, 6, 16
4, 6, 16
4, 6, 16
4, 6, 16
4, 6, 16
4, 6, 16
4, 6, 16
4, 6, 16
4, 6, 16
4, 6, 16
4, 6, 16
4, 6, 16
4, 6, 16
4, 6, 16
4, 6, 16
4, 6, 16
4, 6, 16
4, 6, 16
4, 6, 16
4, 6, 16
4, 6, 16
4, 6, 16
4, 6, 16
4, 6, 16
4, 6, 16
4, 6, 16
4, 6, 16
4, 8, 18
4, 8, 18
4, 8, 18
4, 8, 18
4, 8, 18
4, 8, 18
4, 8, 18
4, 8, 18
4, 8, 18
4, 8, 18
4, 8, 18
4, 8, 18
4, 8, 18
4, 8, 18
4, 8, 18
4, 8, 18
4, 8, 18
4, 8, 18
4, 8, 18
4, 8, 18
4, 8, 18
4, 8, 18
4, 8, 18
4, 8, 18
4, 8, 18
4, 8, 18
4, 8, 18
4, 8, 18
4, 8, 18
4, 8, 18
4, 8, 18
4, 8, 18
4, 8, 18
4, 8, 18
4, 8, 18
4, 8, 18
4, 8, 18
4, 8, 18
4, 8, 18
4, 8, 18
4, 8, 18
4, 8, 18
4, 8, 18
4, 8, 18
4, 8, 18
4, 8, 18
4, 8, 18
4, 8, 18
4, 8, 18
4, 8, 18
4, 8, 18
4, 8, 18
4, 8, 18
4, 8, 18
4, 8, 18
4, 8, 18
4, 8, 18
4, 8, 18
4, 8, 18
4, 8, 18
4, 8, 18
4, 8, 18
4, 8, 18
4, 8, 18
4, 8, 18
4, 8, 18
4, 8, 18
4, 8, 18
4, 8, 18
4, 8, 18
4, 8, 18
4, 8, 18
4, 8, 18
4, 8, 18
4, 8, 18
4, 8, 18
4, 8, 18
4, 8, 18
4, 8, 18
4, 8, 18
4, 8, 18
4, 8, 18
4, 8, 18
4, 8, 18
4, 8, 18
4, 8, 18
4, 8, 18
4, 8, 18
4, 8, 18
4, 8, 18
4, 8, 18
4, 8, 18
4, 8, 18
4, 8, 18
4, 8, 18
4, 8, 18
4, 8, 18
4, 8, 18
4, 8, 18
4, 8, 18
4, 10, 20
4, 10, 20
4, 10, 20
4, 10, 20
4, 10, 20
4, 10, 20
4, 10, 20
4, 10, 20
4, 10, 20
4, 10, 20
4, 10, 20
4, 10, 20
4, 10, 20
4, 10, 20
4, 10, 20
4, 10, 20
4, 10, 20
4, 10, 20
4, 10, 20
4, 10, 20
4, 10, 20
4, 10, 20
4, 10, 20
4, 10, 20
4, 10, 20
4, 10, 20
4, 10, 20
4, 10, 20
4, 10, 20
4, 10, 20
4, 10, 20
4, 10, 20
4, 10, 20
4, 10, 20
4, 10, 20
4, 10, 20
4, 10, 20
4, 10, 20
4, 10, 20
4, 10, 20
4, 10, 20
4, 10, 20
4, 10, 20
4, 10, 20
4, 10, 20
4, 10, 20
4, 10, 20
4, 10, 20
4, 10, 20
4, 10, 20
4, 10, 20
4, 10, 20
4, 10, 20
4, 10, 20
4, 10, 20
4, 10, 20
4, 10, 20
4, 10, 20
4, 10, 20
4, 10, 20
4, 10, 20
4, 10, 20
4, 10, 20
4, 10, 20
4, 10, 20
4, 10, 20
4, 10, 20
4, 10, 20
4, 10, 20
4, 10, 20
4, 10, 20
4, 10, 20
4, 10, 20
4, 10, 20
4, 10, 20
4, 10, 20
4, 10, 20
4, 10, 20
4, 10, 20
4, 10, 20
4, 10, 20
4, 10, 20
4, 10, 20
4, 10, 20
4, 10, 20
4, 10, 20
4, 10, 20
4, 10, 20
4, 10, 20
4, 10, 20
4, 10, 20
4, 10, 20
4, 10, 20
4, 10, 20
4, 10, 20
4, 10, 20
4, 10, 20
4, 10, 20
4, 10, 20
4, 10, 20
4, 12, 22
4, 12, 22
4, 12, 22
4, 12, 22
4, 12, 22
4, 12, 22
4, 12, 22
4, 12, 22
4, 12, 22
4, 12, 22
4, 12, 22
4, 12, 22
4, 12, 22
4, 12, 22
4, 12, 22
4, 12, 22
4, 12, 22
4, 12, 22
4, 12, 22
4, 12, 22
4, 12, 22
4, 12, 22
4, 12, 22
4, 12, 22
4, 12, 22
4, 12, 22
4, 12, 22
4, 12, 22
4, 12, 22
4, 12, 22
4, 12, 22
4, 12, 22
4, 12, 22
4, 12, 22
4, 12, 22
4, 12, 22
4, 12, 22
4, 12, 22
4, 12, 22
4, 12, 22
4, 12, 22
4, 12, 22
4, 12, 22
4, 12, 22
4, 12, 22
4, 12, 22
4, 12, 22
4, 12, 22
4, 12, 22
4, 12, 22
4, 12, 22
4, 12, 22
4, 12, 22
4, 12, 22
4, 12, 22
4, 12, 22
4, 12, 22
4, 12, 22
4, 12, 22
4, 12, 22
4, 12, 22
4, 12, 22
4, 12, 22
4, 12, 22
4, 12, 22
4, 12, 22
4, 12, 22
4, 12, 22
4, 12, 22
4, 12, 22
4, 12, 22
4, 12, 22
4, 12, 22
4, 12, 22
4, 12, 22
4, 12, 22
4, 12, 22
4, 12, 22
4, 12, 22
4, 12, 22
4, 12, 22
4, 12, 22
4, 12, 22
4, 12, 22
4, 12, 22
4, 12, 22
4, 12, 22
4, 12, 22
4, 12, 22
4, 12, 22
4, 12, 22
4, 12, 22
4, 12, 22
4, 12, 22
4, 12, 22
4, 12, 22
4, 12, 22
4, 12, 22
4, 12, 22
4, 12, 22
