50
50
8, 36, 30, 4, 93, 100, 42, 60, 66, 39, 98, 86, 35, 48, 99, 6, 73, 65, 21, 84, 63, 75, 82, 56, 91, 39, 58, 49, 21, 35, 1, 95, 77, 42, 37, 28, 33, 80, 18, 5, 4, 16, 48, 52, 30, 9, 38, 43, 5, 61
76, 87, 55, 92, 28, 33, 54, 75, 14, 55, 43, 94, 40, 31, 39, 3, 9, 94, 11, 72, 73, 93, 47, 17, 81, 47, 28, 30, 27, 82, 1, 15, 44, 61, 59, 14, 41, 85, 14, 4, 74, 59, 67, 64, 63, 11, 77, 17, 14, 28
100, 45, 32, 34, 88, 83, 41, 39, 12, 81, 6, 25, 49, 32, 54, 28, 50, 80, 72, 26, 62, 24, 80, 7, 99, 15, 27, 84, 54, 71, 71, 11, 17, 99, 83, 57, 83, 11, 73, 77, 73, 2, 74, 34, 99, 49, 11, 36, 10, 35
61, 97, 45, 89, 66, 76, 65, 25, 35, 74, 57, 58, 85, 41, 11, 96, 9, 50, 49, 97, 45, 39, 7, 96, 53, 61, 51, 47, 9, 50, 4, 91, 74, 19, 10, 74, 66, 29, 34, 7, 92, 59, 76, 100, 21, 16, 17, 33, 23, 4
41, 62, 87, 14, 91, 22, 91, 50, 37, 6, 26, 19, 17, 86, 70, 66, 84, 66, 31, 37, 30, 81, 16, 42, 5, 87, 64, 8, 75, 37, 44, 18, 24, 6, 10, 43, 4, 61, 29, 89, 84, 17, 92, 29, 82, 73, 42, 91, 30, 56
33, 51, 3, 87, 74, 61, 46, 46, 9, 4, 59, 84, 75, 1, 62, 8, 96, 11, 76, 28, 62, 24, 37, 43, 54, 14, 89, 88, 60, 32, 45, 73, 78, 20, 4, 93, 16, 38, 32, 50, 97, 59, 52, 26, 30, 1, 42, 92, 67, 75
78, 32, 15, 2, 94, 10, 14, 60, 34, 61, 72, 59, 86, 77, 59, 86, 6, 56, 97, 70, 92, 59, 79, 27, 32, 3, 72, 12, 13, 54, 72, 97, 22, 86, 55, 14, 59, 76, 26, 95, 79, 56, 4, 72, 78, 39, 74, 76, 67, 45
95, 87, 96, 97, 83, 19, 54, 89, 71, 92, 39, 3, 48, 81, 90, 76, 37, 100, 23, 46, 28, 31, 30, 3, 91, 36, 55, 8, 50, 94, 30, 96, 45, 69, 59, 85, 2, 25, 3, 36, 61, 70, 6, 35, 56, 77, 9, 24, 82, 2
2, 74, 53, 22, 17, 64, 58, 93, 7, 47, 65, 46, 39, 78, 63, 43, 59, 80, 22, 5, 75, 13, 98, 87, 86, 58, 26, 96, 47, 15, 28, 32, 26, 48, 93, 56, 43, 23, 52, 96, 28, 9, 19, 56, 72, 15, 31, 29, 72, 14
19, 30, 3, 78, 28, 89, 77, 67, 37, 60, 39, 62, 46, 92, 20, 33, 21, 92, 85, 7, 100, 36, 28, 26, 77, 66, 95, 42, 16, 72, 27, 97, 24, 34, 97, 98, 30, 49, 20, 4, 80, 77, 87, 93, 57, 67, 63, 27, 36, 39
94, 40, 44, 65, 14, 84, 2, 77, 2, 63, 95, 35, 51, 66, 33, 42, 39, 13, 96, 23, 4, 73, 72, 82, 28, 23, 49, 36, 70, 11, 3, 68, 6, 77, 78, 88, 54, 59, 20, 14, 96, 53, 47, 58, 9, 45, 27, 22, 60, 16
28, 51, 32, 14, 35, 22, 68, 62, 37, 92, 35, 66, 8, 91, 60, 27, 30, 74, 88, 45, 88, 80, 93, 83, 27, 52, 26, 14, 74, 84, 97, 27, 77, 55, 83, 53, 37, 93, 42, 56, 20, 93, 22, 29, 79, 30, 46, 57, 98, 82
15, 53, 34, 15, 28, 49, 58, 50, 87, 84, 96, 55, 89, 54, 95, 8, 90, 53, 9, 8, 91, 38, 32, 32, 26, 96, 58, 65, 4, 97, 6, 70, 16, 92, 69, 45, 93, 62, 28, 35, 95, 88, 6, 59, 60, 66, 4, 69, 35, 71
41, 93, 48, 91, 92, 78, 21, 3, 90, 32, 91, 94, 46, 90, 79, 27, 39, 97, 85, 50, 15, 29, 26, 75, 13, 4, 32, 74, 72, 61, 92, 90, 31, 33, 57, 13, 22, 26, 1, 91, 25, 91, 73, 96, 44, 2, 42, 16, 80, 34
28, 8, 84, 85, 57, 12, 67, 74, 78, 89, 47, 47, 31, 29, 40, 1, 63, 14, 34, 66, 5, 13, 97, 94, 26, 25, 57, 31, 31, 12, 62, 16, 94, 39, 34, 85, 6, 46, 77, 45, 46, 49, 49, 13, 45, 79, 61, 44, 57, 44
39, 29, 83, 15, 29, 15, 11, 91, 60, 32, 56, 37, 43, 66, 27, 31, 53, 93, 96, 56, 95, 17, 37, 89, 20, 57, 65, 84, 50, 47, 65, 13, 75, 88, 73, 33, 34, 80, 11, 19, 74, 16, 87, 45, 89, 10, 7, 83, 86, 15
26, 68, 48, 1, 49, 22, 92, 94, 96, 72, 51, 27, 42, 13, 68, 44, 63, 55, 94, 95, 97, 74, 83, 78, 82, 80, 31, 93, 100, 11, 51, 82, 99, 35, 22, 97, 66, 74, 40, 52, 41, 41, 85, 39, 69, 47, 75, 75, 77, 46
47, 52, 90, 92, 18, 53, 86, 71, 20, 70, 92, 100, 94, 85, 22, 69, 29, 7, 91, 72, 79, 90, 16, 43, 54, 57, 90, 44, 10, 35, 5, 57, 16, 55, 64, 99, 93, 7, 18, 70, 11, 95, 54, 70, 60, 42, 47, 100, 17, 100
19, 69, 84, 6, 68, 58, 36, 48, 39, 61, 64, 43, 62, 86, 65, 35, 85, 40, 22, 23, 76, 22, 89, 22, 62, 84, 36, 46, 83, 13, 11, 90, 28, 10, 16, 37, 74, 10, 88, 7, 63, 46, 69, 57, 7, 69, 34, 69, 6, 26
57, 8, 79, 94, 24, 97, 80, 62, 45, 84, 22, 91, 66, 26, 51, 74, 15, 52, 70, 29, 62, 75, 53, 16, 61, 31, 53, 33, 16, 93, 51, 68, 41, 57, 56, 3, 12, 35, 86, 20, 57, 12, 66, 4, 85, 73, 81, 43, 7, 33
54, 82, 99, 77, 64, 82, 56, 63, 34, 94, 44, 48, 46, 52, 34, 55, 50, 9, 71, 48, 63, 81, 66, 51, 72, 50, 10, 49, 31, 88, 51, 10, 26, 84, 40, 69, 69, 65, 94, 74, 48, 49, 1, 93, 76, 10, 67, 15, 70, 31
24, 73, 73, 59, 71, 74, 16, 49, 5, 15, 73, 7, 33, 47, 44, 35, 22, 63, 12, 65, 86, 86, 16, 97, 1, 14, 80, 74, 76, 63, 84, 96, 79, 1, 65, 78, 38, 68, 13, 67, 53, 21, 60, 80, 2, 41, 17, 55, 50, 42
88, 4, 3, 6, 45, 38, 58, 77, 59, 58, 94, 43, 74, 42, 31, 78, 29, 32, 82, 66, 98, 55, 51, 46, 12, 66, 26, 36, 96, 60, 97, 26, 24, 35, 75, 81, 94, 74, 56, 27, 21, 61, 9, 56, 74, 11, 47, 19, 49, 25
13, 85, 73, 85, 44, 34, 54, 57, 94, 80, 13, 22, 82, 100, 61, 68, 19, 40, 67, 51, 84, 55, 77, 56, 45, 37, 46, 95, 73, 2, 19, 8, 88, 72, 47, 13, 53, 40, 91, 42, 27, 37, 81, 76, 14, 100, 80, 10, 96, 6
92, 8, 52, 99, 41, 59, 8, 17, 40, 8, 88, 59, 84, 92, 62, 6, 35, 11, 53, 48, 16, 79, 49, 26, 24, 48, 75, 2, 43, 45, 58, 37, 100, 68, 10, 11, 56, 89, 32, 89, 5, 36, 100, 83, 54, 69, 54, 89, 15, 8
66, 70, 57, 48, 90, 13, 59, 26, 76, 94, 84, 7, 75, 96, 51, 52, 60, 17, 82, 51, 50, 46, 80, 65, 44, 80, 79, 67, 73, 56, 94, 86, 87, 35, 80, 88, 80, 52, 78, 97, 52, 31, 14, 38, 5, 98, 62, 5, 33, 2
9, 37, 7, 64, 59, 20, 91, 93, 5, 11, 35, 93, 54, 20, 100, 98, 21, 40, 16, 63, 73, 8, 39, 85, 99, 20, 33, 42, 60, 46, 18, 74, 35, 71, 47, 57, 80, 23, 77, 61, 98, 87, 48, 68, 63, 60, 78, 94, 39, 8
78, 22, 90, 70, 29, 1, 99, 22, 66, 39, 87, 49, 34, 60, 93, 61, 59, 83, 74, 43, 19, 98, 64, 56, 65, 87, 61, 72, 23, 40, 43, 40, 3, 53, 68, 96, 85, 65, 42, 47, 59, 58, 58, 38, 74, 50, 53, 88, 75, 3
1, 95, 21, 97, 89, 81, 59, 34, 5, 43, 40, 28, 100, 26, 97, 48, 47, 82, 92, 98, 76, 95, 41, 28, 84, 61, 40, 26, 82, 16, 35, 74, 98, 20, 40, 48, 20, 7, 64, 88, 37, 51, 60, 100, 7, 32, 59, 32, 42, 27
3, 71, 96, 77, 28, 7, 55, 93, 13, 28, 41, 34, 52, 89, 9, 67, 30, 81, 87, 49, 28, 40, 19, 5, 61, 25, 35, 41, 21, 53, 3, 9, 85, 56, 14, 64, 78, 21, 92, 33, 94, 27, 94, 36, 47, 4, 99, 72, 92, 40
2, 79, 45, 93, 99, 63, 53, 91, 17, 3, 73, 14, 72, 60, 26, 32, 50, 97, 76, 46, 90, 10, 89, 55, 56, 2, 46, 83, 59, 57, 26, 64, 50, 82, 51, 25, 64, 92, 57, 51, 11, 87, 4, 90, 61, 80, 55, 35, 10, 15
55, 3, 96, 47, 50, 93, 90, 91, 38, 98, 17, 70, 33, 60, 77, 9, 65, 91, 9, 2, 69, 58, 40, 26, 35, 4, 6, 100, 94, 76, 47, 12, 73, 44, 3, 24, 68, 4, 33, 59, 35, 74, 55, 60, 34, 41, 54, 45, 13, 52
16, 65, 26, 9, 47, 97, 64, 70, 12, 47, 87, 91, 98, 62, 51, 6, 97, 90, 58, 54, 41, 61, 59, 50, 67, 96, 4, 80, 93, 94, 50, 62, 88, 42, 61, 83, 87, 65, 98, 7, 60, 99, 93, 86, 73, 45, 76, 93, 9, 28
44, 65, 87, 59, 11, 56, 7, 76, 42, 52, 93, 84, 77, 18, 97, 25, 4, 56, 2, 69, 20, 33, 93, 52, 94, 43, 69, 73, 78, 23, 20, 12, 72, 65, 50, 86, 75, 29, 31, 5, 77, 11, 23, 46, 14, 77, 22, 75, 90, 48
42, 21, 92, 40, 9, 12, 72, 36, 65, 69, 87, 34, 99, 20, 32, 82, 12, 13, 68, 11, 50, 75, 26, 97, 93, 9, 11, 47, 38, 18, 22, 94, 83, 30, 82, 100, 20, 32, 57, 39, 14, 39, 65, 63, 18, 43, 12, 3, 14, 32
65, 10, 7, 79, 98, 67, 96, 96, 48, 100, 2, 26, 99, 48, 48, 94, 52, 70, 39, 33, 63, 81, 56, 30, 98, 12, 10, 63, 79, 50, 97, 8, 33, 6, 53, 12, 87, 5, 32, 15, 5, 25, 85, 57, 38, 89, 41, 17, 16, 25
92, 43, 65, 82, 70, 85, 54, 78, 82, 87, 58, 33, 17, 98, 3, 95, 93, 93, 96, 36, 7, 47, 38, 25, 29, 38, 96, 100, 93, 9, 71, 94, 48, 54, 59, 55, 44, 52, 36, 68, 59, 10, 23, 45, 58, 72, 8, 87, 54, 44
96, 48, 22, 81, 19, 45, 5, 40, 53, 33, 89, 55, 86, 74, 17, 64, 85, 64, 40, 49, 51, 42, 57, 28, 77, 97, 25, 94, 68, 57, 30, 10, 46, 50, 14, 24, 72, 68, 35, 14, 50, 4, 99, 4, 79, 5, 25, 50, 29, 94
88, 45, 47, 5, 93, 55, 92, 95, 4, 22, 20, 12, 72, 97, 3, 80, 9, 37, 60, 94, 93, 18, 29, 26, 100, 48, 43, 53, 49, 73, 73, 76, 66, 75, 70, 86, 64, 41, 57, 60, 32, 78, 65, 14, 94, 38, 32, 3, 2, 100
96, 88, 90, 36, 1, 70, 17, 21, 6, 46, 12, 39, 46, 31, 50, 45, 47, 98, 27, 17, 17, 68, 80, 1, 62, 16, 54, 16, 32, 62, 16, 41, 52, 50, 78, 85, 86, 30, 74, 1, 70, 43, 36, 12, 48, 94, 32, 34, 64, 50
92, 35, 77, 85, 84, 28, 9, 90, 75, 86, 17, 1, 89, 44, 31, 72, 88, 97, 54, 65, 59, 17, 24, 27, 48, 74, 33, 69, 53, 68, 84, 20, 52, 83, 71, 81, 65, 67, 66, 50, 77, 97, 56, 89, 84, 69, 54, 92, 82, 77
7, 36, 81, 100, 92, 75, 12, 50, 38, 10, 95, 41, 37, 7, 2, 97, 50, 7, 74, 50, 8, 21, 32, 4, 88, 62, 62, 35, 43, 79, 21, 42, 87, 77, 61, 49, 40, 52, 91, 96, 70, 15, 29, 56, 55, 37, 61, 49, 88, 88
20, 47, 19, 33, 70, 86, 5, 77, 12, 30, 14, 77, 7, 59, 90, 54, 54, 61, 46, 54, 58, 98, 16, 78, 80, 93, 92, 76, 50, 52, 1, 13, 48, 56, 60, 74, 23, 55, 7, 76, 44, 64, 41, 61, 83, 94, 8, 71, 67, 1
83, 1, 4, 34, 31, 22, 32, 41, 53, 77, 95, 29, 27, 60, 30, 2, 29, 52, 99, 16, 31, 100, 54, 71, 11, 95, 58, 55, 95, 87, 85, 22, 10, 49, 70, 1, 9, 15, 26, 39, 43, 82, 2, 31, 81, 15, 37, 81, 32, 82
65, 57, 72, 51, 70, 84, 48, 33, 24, 36, 64, 77, 47, 67, 92, 73, 20, 79, 91, 29, 93, 15, 26, 61, 74, 50, 98, 23, 90, 96, 59, 77, 23, 14, 22, 28, 51, 60, 79, 87, 54, 77, 92, 90, 75, 67, 36, 36, 39, 9
96, 58, 91, 4, 90, 51, 32, 11, 78, 21, 86, 25, 44, 28, 78, 88, 54, 33, 45, 64, 23, 61, 100, 4, 76, 16, 24, 36, 86, 7, 14, 62, 84, 82, 1, 1, 86, 20, 25, 72, 97, 40, 82, 59, 1, 30, 33, 64, 12, 88
13, 4, 91, 76, 87, 35, 59, 88, 28, 74, 27, 96, 25, 71, 8, 24, 41, 63, 28, 78, 2, 34, 9, 74, 68, 83, 79, 41, 3, 46, 84, 61, 25, 99, 95, 10, 72, 9, 95, 66, 42, 99, 92, 51, 45, 2, 15, 12, 51, 78
90, 71, 36, 34, 86, 79, 95, 17, 8, 4, 57, 18, 85, 82, 91, 67, 72, 27, 76, 98, 53, 32, 68, 63, 37, 3, 43, 58, 30, 66, 69, 68, 91, 26, 57, 13, 25, 91, 14, 16, 16, 55, 1, 92, 10, 24, 15, 10, 61, 78
30, 89, 36, 54, 26, 58, 4, 73, 98, 83, 37, 37, 88, 42, 36, 89, 28, 60, 26, 79, 43, 82, 14, 61, 83, 98, 31, 77, 54, 13, 89, 33, 98, 53, 37, 80, 33, 37, 1, 100, 9, 52, 93, 31, 80, 79, 68, 59, 56, 21
97, 55, 85, 83, 36, 49, 76, 76, 71, 28, 28, 28, 20, 86, 95, 5, 40, 36, 6, 56, 57, 91, 59, 27, 70, 91, 89, 83, 81, 4, 31, 72, 21, 34, 17, 34, 48, 16, 17, 88, 5, 57, 67, 73, 72, 81, 33, 8, 37, 76
20
10, 9, 3443
25, 16, 10541
24, 15, 10091
12, 15, 8667
24, 17, 20151
15, 2, 1394
18, 16, 11276
6, 5, 888
13, 25, 10117
22, 14, 14563
15, 21, 11554
2, 17, 1682
5, 6, 1270
3, 10, 1417
1, 19, 605
3, 16, 2388
19, 4, 3304
12, 10, 5271
5, 5, 710
9, 12, 4429
