50
50
12, 90, 75, 27, 85, 80, 39, 60, 59, 38, 7, 36, 26, 96, 14, 78, 10, 39, 4, 28, 76, 58, 1, 30, 100, 50, 69, 48, 6, 76, 56, 21, 29, 93, 77, 54, 68, 15, 33, 32, 14, 49, 75, 60, 52, 71, 93, 23, 71, 47
78, 37, 17, 99, 71, 55, 89, 46, 28, 35, 11, 92, 55, 83, 83, 86, 7, 33, 19, 60, 10, 95, 6, 72, 15, 27, 83, 42, 78, 30, 58, 46, 78, 60, 98, 19, 5, 30, 23, 23, 66, 22, 88, 99, 21, 22, 95, 92, 78, 67
64, 60, 4, 11, 37, 84, 31, 45, 84, 44, 72, 48, 69, 99, 78, 66, 15, 96, 86, 64, 81, 78, 11, 97, 95, 88, 7, 8, 52, 93, 33, 92, 65, 11, 66, 99, 42, 67, 23, 14, 89, 60, 46, 79, 52, 18, 54, 90, 21, 56
8, 100, 6, 14, 86, 87, 49, 8, 16, 49, 78, 23, 94, 92, 12, 80, 84, 58, 33, 80, 24, 48, 73, 72, 76, 22, 32, 33, 46, 77, 34, 18, 87, 96, 86, 33, 87, 51, 26, 80, 50, 35, 52, 74, 37, 66, 66, 55, 67, 72
35, 97, 58, 42, 33, 61, 27, 34, 39, 65, 55, 17, 63, 40, 16, 61, 36, 99, 7, 79, 94, 33, 32, 53, 30, 89, 97, 100, 35, 10, 56, 77, 66, 74, 42, 37, 60, 46, 64, 25, 6, 53, 13, 61, 26, 33, 73, 13, 59, 77
30, 68, 49, 89, 79, 3, 65, 6, 12, 44, 65, 28, 99, 29, 10, 78, 52, 89, 98, 79, 1, 91, 35, 82, 73, 41, 21, 72, 27, 98, 17, 84, 42, 59, 80, 88, 29, 77, 95, 40, 73, 55, 34, 21, 61, 79, 54, 84, 52, 48
81, 84, 15, 80, 77, 40, 33, 68, 16, 39, 82, 94, 79, 15, 27, 81, 87, 41, 50, 22, 50, 75, 94, 58, 7, 47, 58, 15, 22, 95, 87, 38, 20, 79, 17, 33, 70, 62, 82, 41, 55, 62, 62, 57, 59, 79, 77, 19, 94, 80
92, 14, 35, 31, 99, 6, 90, 58, 74, 31, 82, 19, 46, 21, 52, 45, 75, 100, 98, 94, 12, 26, 59, 9, 67, 89, 14, 38, 99, 28, 70, 39, 21, 42, 4, 74, 3, 90, 81, 11, 43, 12, 89, 52, 59, 37, 16, 42, 6, 15
5, 77, 22, 1, 69, 67, 55, 26, 64, 11, 93, 53, 60, 46, 61, 44, 98, 5, 17, 78, 42, 85, 20, 87, 51, 1, 38, 7, 51, 31, 73, 72, 33, 85, 24, 94, 18, 21, 74, 38, 20, 78, 27, 70, 19, 91, 53, 43, 92, 15
39, 11, 25, 28, 73, 20, 58, 35, 50, 69, 29, 48, 76, 33, 38, 22, 21, 75, 23, 68, 27, 77, 32, 80, 59, 65, 59, 50, 69, 61, 48, 95, 16, 36, 93, 63, 48, 5, 12, 4, 36, 83, 72, 5, 9, 72, 2, 95, 32, 98
71, 78, 21, 25, 89, 62, 80, 45, 70, 9, 62, 9, 66, 89, 21, 35, 33, 41, 40, 76, 74, 16, 63, 19, 32, 44, 6, 27, 72, 87, 63, 64, 18, 72, 91, 70, 75, 92, 47, 31, 83, 3, 36, 4, 42, 28, 17, 84, 85, 75
40, 62, 55, 57, 24, 55, 16, 3, 93, 45, 57, 54, 74, 83, 46, 98, 91, 95, 98, 51, 61, 41, 94, 9, 93, 72, 81, 59, 77, 4, 27, 22, 42, 97, 48, 2, 10, 62, 48, 37, 55, 72, 99, 2, 75, 30, 29, 53, 59, 44
38, 23, 86, 34, 15, 99, 68, 46, 64, 53, 75, 57, 26, 89, 18, 35, 12, 78, 36, 44, 89, 29, 47, 62, 97, 89, 43, 92, 35, 64, 43, 29, 1, 33, 67, 5, 37, 8, 83, 49, 34, 65, 99, 96, 63, 98, 47, 10, 85, 41
19, 52, 17, 15, 56, 9, 76, 25, 38, 27, 57, 76, 11, 1, 10, 47, 57, 93, 23, 13, 98, 4, 95, 88, 10, 24, 31, 52, 100, 99, 42, 33, 8, 94, 45, 92, 12, 86, 78, 58, 30, 13, 71, 56, 93, 59, 54, 99, 87, 16
41, 55, 88, 72, 43, 16, 57, 30, 5, 32, 79, 25, 25, 39, 85, 24, 69, 18, 56, 19, 35, 71, 16, 65, 84, 86, 33, 40, 95, 52, 71, 33, 65, 84, 58, 88, 46, 37, 52, 30, 35, 82, 82, 46, 80, 6, 88, 32, 71, 70
90, 37, 43, 69, 82, 71, 40, 23, 88, 57, 83, 18, 36, 53, 62, 47, 60, 41, 81, 98, 78, 32, 66, 26, 84, 54, 90, 70, 85, 78, 98, 2, 69, 25, 63, 35, 90, 97, 3, 88, 48, 24, 49, 95, 48, 17, 47, 29, 84, 34
47, 47, 52, 73, 93, 59, 71, 18, 85, 29, 82, 70, 38, 11, 60, 81, 50, 11, 91, 28, 57, 64, 39, 94, 51, 55, 84, 72, 78, 68, 7, 61, 86, 52, 32, 51, 51, 96, 33, 5, 64, 72, 13, 75, 7, 79, 86, 39, 36, 67
68, 36, 39, 57, 77, 83, 9, 58, 23, 39, 75, 100, 40, 18, 22, 22, 84, 87, 79, 9, 31, 55, 78, 87, 64, 86, 52, 65, 87, 73, 69, 46, 36, 12, 1, 71, 22, 30, 75, 49, 43, 93, 73, 95, 30, 65, 33, 95, 53, 86
95, 99, 60, 28, 36, 13, 58, 52, 94, 92, 32, 45, 71, 51, 70, 30, 64, 29, 17, 51, 100, 55, 12, 31, 66, 39, 82, 84, 58, 100, 54, 57, 12, 2, 78, 71, 86, 9, 76, 88, 13, 70, 37, 84, 17, 99, 22, 23, 26, 100
1, 4, 78, 3, 86, 40, 87, 30, 62, 98, 32, 75, 95, 94, 39, 76, 33, 70, 73, 100, 44, 56, 54, 30, 38, 30, 19, 29, 14, 68, 18, 60, 59, 58, 99, 50, 79, 10, 17, 39, 84, 57, 47, 79, 57, 39, 75, 43, 45, 42
66, 53, 50, 27, 56, 46, 50, 49, 65, 57, 21, 58, 16, 95, 80, 72, 16, 38, 96, 90, 98, 24, 53, 35, 16, 88, 9, 76, 74, 100, 55, 77, 85, 73, 2, 66, 10, 33, 2, 54, 100, 30, 45, 61, 18, 26, 42, 53, 99, 85
23, 38, 47, 56, 44, 43, 100, 16, 11, 69, 37, 75, 76, 66, 2, 45, 74, 44, 94, 14, 62, 84, 36, 42, 90, 68, 79, 93, 17, 90, 47, 57, 77, 89, 77, 18, 30, 30, 29, 59, 67, 95, 22, 33, 18, 26, 55, 80, 59, 74
53, 98, 60, 86, 24, 40, 2, 6, 66, 76, 65, 7, 99, 21, 23, 80, 98, 87, 90, 85, 15, 45, 15, 35, 48, 67, 62, 3, 25, 65, 14, 100, 35, 44, 38, 49, 98, 92, 65, 38, 16, 25, 64, 54, 94, 60, 96, 2, 11, 38
28, 68, 90, 75, 59, 8, 83, 25, 38, 57, 78, 99, 81, 2, 63, 66, 73, 56, 83, 75, 82, 7, 23, 53, 70, 91, 82, 62, 42, 88, 72, 61, 93, 87, 38, 47, 10, 60, 86, 30, 66, 74, 54, 9, 60, 17, 45, 62, 92, 29
88, 41, 19, 37, 57, 22, 46, 38, 6, 69, 27, 22, 84, 51, 86, 18, 7, 94, 65, 17, 57, 13, 70, 53, 9, 9, 53, 14, 93, 53, 46, 20, 71, 13, 100, 31, 42, 57, 31, 16, 1, 72, 55, 17, 4, 45, 90, 4, 24, 43
10, 51, 98, 76, 72, 76, 71, 66, 28, 48, 70, 32, 46, 53, 23, 7, 51, 71, 52, 55, 76, 51, 63, 49, 16, 85, 58, 54, 50, 65, 19, 50, 91, 51, 43, 96, 23, 96, 42, 25, 60, 76, 29, 84, 47, 70, 27, 3, 95, 97
94, 20, 53, 69, 67, 60, 88, 49, 60, 87, 18, 18, 17, 64, 30, 20, 41, 96, 11, 28, 84, 56, 30, 27, 96, 1, 22, 80, 2, 46, 59, 56, 60, 54, 72, 100, 98, 23, 84, 83, 8, 75, 36, 55, 8, 43, 60, 66, 54, 27
29, 31, 93, 67, 13, 38, 91, 26, 73, 67, 39, 8, 47, 14, 29, 62, 59, 64, 93, 30, 23, 19, 12, 28, 20, 10, 20, 76, 20, 54, 41, 56, 26, 75, 18, 28, 64, 93, 41, 34, 10, 72, 50, 18, 45, 100, 28, 22, 26, 46
84, 97, 74, 25, 5, 11, 20, 65, 47, 4, 19, 15, 7, 20, 26, 83, 82, 72, 97, 1, 98, 66, 23, 60, 21, 52, 69, 95, 83, 21, 82, 98, 50, 74, 70, 45, 83, 2, 71, 8, 9, 99, 46, 37, 15, 95, 66, 31, 92, 62
18, 56, 26, 25, 49, 18, 74, 15, 4, 53, 43, 26, 83, 27, 22, 21, 66, 33, 50, 82, 1, 80, 2, 90, 93, 100, 21, 86, 45, 27, 86, 38, 3, 22, 3, 26, 73, 25, 26, 53, 71, 68, 99, 18, 65, 83, 17, 20, 16, 95
29, 33, 82, 10, 61, 38, 55, 37, 33, 49, 98, 88, 71, 77, 68, 5, 23, 61, 25, 96, 49, 42, 8, 98, 12, 34, 82, 84, 25, 10, 83, 2, 71, 50, 99, 54, 57, 93, 61, 65, 72, 36, 93, 77, 55, 83, 98, 22, 51, 60
60, 56, 96, 20, 47, 88, 26, 84, 99, 28, 57, 72, 12, 23, 67, 97, 18, 21, 79, 14, 49, 31, 1, 60, 25, 13, 50, 31, 43, 30, 37, 60, 33, 65, 51, 27, 7, 52, 4, 11, 29, 73, 95, 33, 9, 100, 24, 70, 10, 59
66, 77, 44, 37, 12, 30, 56, 36, 95, 34, 39, 95, 42, 70, 92, 97, 39, 48, 73, 41, 91, 66, 18, 68, 86, 77, 37, 68, 52, 26, 89, 80, 22, 84, 64, 60, 17, 96, 54, 21, 72, 71, 57, 70, 73, 34, 31, 25, 42, 12
61, 77, 98, 70, 69, 100, 60, 76, 52, 35, 94, 88, 85, 70, 46, 59, 73, 58, 6, 32, 81, 44, 95, 52, 70, 20, 9, 48, 95, 53, 46, 12, 26, 41, 65, 13, 82, 52, 16, 65, 1, 41, 45, 19, 28, 84, 87, 88, 24, 15
61, 74, 19, 11, 31, 18, 83, 46, 1, 49, 91, 12, 82, 100, 89, 82, 63, 44, 5, 34, 77, 22, 43, 42, 32, 41, 99, 76, 25, 87, 34, 22, 24, 81, 92, 73, 93, 16, 11, 47, 31, 37, 52, 67, 74, 89, 60, 46, 30, 46
21, 43, 83, 91, 38, 40, 31, 78, 79, 90, 19, 7, 21, 15, 16, 70, 89, 1, 8, 16, 90, 47, 34, 59, 4, 41, 70, 76, 68, 43, 82, 54, 46, 80, 66, 91, 39, 34, 43, 52, 43, 16, 37, 21, 28, 24, 16, 38, 52, 4
1, 59, 38, 14, 57, 75, 10, 25, 88, 98, 71, 56, 10, 37, 9, 66, 61, 42, 50, 25, 32, 55, 59, 57, 74, 74, 11, 13, 31, 80, 25, 32, 25, 64, 43, 24, 16, 32, 24, 91, 81, 14, 46, 46, 82, 87, 6, 1, 12, 63
64, 75, 89, 27, 73, 46, 100, 82, 41, 83, 65, 97, 95, 8, 73, 39, 32, 46, 94, 86, 51, 29, 18, 59, 45, 18, 9, 14, 76, 87, 69, 10, 2, 68, 17, 51, 44, 98, 92, 97, 24, 35, 92, 41, 27, 85, 20, 39, 73, 43
56, 60, 7, 27, 13, 35, 57, 31, 83, 55, 37, 87, 7, 54, 14, 55, 96, 27, 92, 22, 95, 34, 55, 98, 63, 17, 37, 77, 32, 60, 99, 71, 41, 33, 31, 9, 4, 76, 56, 82, 95, 14, 16, 37, 61, 37, 28, 39, 27, 73
89, 93, 47, 52, 48, 23, 5, 10, 64, 97, 99, 80, 99, 23, 56, 66, 47, 74, 23, 6, 52, 21, 71, 11, 28, 82, 19, 18, 37, 26, 89, 99, 51, 60, 71, 7, 24, 89, 85, 9, 5, 94, 12, 60, 83, 16, 16, 93, 81, 95
91, 55, 16, 22, 21, 69, 23, 37, 24, 67, 5, 87, 73, 38, 8, 1, 30, 39, 52, 50, 42, 58, 90, 15, 1, 58, 9, 11, 28, 13, 67, 26, 38, 43, 36, 35, 83, 29, 39, 3, 84, 88, 66, 18, 4, 18, 21, 74, 53, 83
86, 77, 41, 31, 53, 33, 65, 2, 21, 63, 61, 12, 10, 12, 1, 79, 50, 31, 3, 74, 18, 2, 100, 50, 67, 55, 93, 72, 11, 84, 37, 35, 59, 45, 27, 90, 85, 7, 90, 3, 70, 82, 8, 77, 42, 73, 79, 54, 18, 25
68, 91, 72, 79, 66, 85, 77, 91, 65, 99, 41, 94, 91, 38, 27, 26, 53, 65, 86, 11, 94, 44, 41, 100, 5, 37, 95, 24, 9, 94, 76, 39, 55, 86, 17, 47, 64, 81, 80, 43, 13, 95, 42, 92, 63, 76, 91, 70, 50, 17
20, 15, 69, 7, 32, 24, 50, 72, 74, 30, 91, 54, 83, 72, 23, 2, 40, 5, 21, 80, 63, 73, 85, 44, 99, 100, 3, 50, 38, 29, 46, 25, 74, 92, 74, 62, 71, 48, 55, 93, 98, 92, 7, 51, 52, 60, 12, 71, 70, 62
37, 86, 50, 71, 55, 48, 30, 26, 9, 32, 22, 1, 35, 45, 84, 67, 80, 92, 98, 61, 31, 92, 51, 28, 83, 71, 66, 35, 92, 39, 89, 32, 80, 77, 93, 61, 75, 4, 38, 27, 33, 46, 40, 24, 71, 97, 57, 63, 67, 86
80, 21, 73, 10, 31, 45, 36, 22, 89, 84, 83, 95, 35, 70, 44, 90, 22, 59, 53, 24, 92, 77, 54, 72, 28, 86, 53, 28, 58, 86, 14, 4, 68, 6, 59, 69, 60, 71, 46, 48, 25, 54, 15, 54, 45, 38, 12, 70, 81, 81
76, 98, 10, 44, 95, 4, 67, 2, 82, 45, 93, 9, 65, 3, 70, 79, 27, 29, 11, 76, 31, 51, 13, 5, 99, 39, 62, 1, 28, 90, 75, 84, 47, 77, 11, 17, 94, 25, 12, 56, 2, 59, 89, 2, 56, 17, 90, 13, 84, 66
12, 84, 59, 6, 51, 25, 85, 5, 46, 57, 42, 67, 75, 92, 70, 10, 62, 89, 93, 54, 86, 3, 17, 55, 74, 73, 62, 12, 50, 82, 49, 50, 17, 62, 79, 92, 25, 42, 26, 86, 32, 90, 80, 56, 15, 36, 84, 98, 32, 47
56, 1, 21, 30, 81, 9, 67, 4, 32, 79, 64, 74, 55, 64, 8, 93, 50, 13, 13, 79, 85, 20, 63, 7, 23, 96, 24, 61, 41, 39, 89, 65, 80, 4, 27, 48, 30, 87, 82, 71, 25, 22, 11, 48, 23, 58, 35, 16, 49, 23
86, 72, 85, 54, 62, 37, 39, 14, 8, 85, 85, 7, 64, 94, 90, 99, 94, 52, 37, 60, 63, 63, 32, 43, 54, 64, 10, 16, 85, 65, 62, 8, 12, 19, 53, 18, 80, 27, 43, 91, 10, 16, 80, 97, 87, 19, 59, 17, 58, 24
20
17, 21, 15995
23, 15, 10586
11, 11, 6045
25, 7, 5398
8, 11, 2694
20, 24, 17380
11, 19, 6237
17, 3, 1863
13, 12, 7140
9, 15, 4552
2, 24, 1886
16, 1, 716
8, 6, 1904
8, 20, 5489
7, 12, 3436
22, 22, 16668
19, 3, 1769
4, 19, 3519
1, 25, 1087
9, 10, 2529
