50
50
52, 42, 99, 24, 28, 15, 59, 52, 77, 36, 3, 51, 69, 30, 76, 17, 70, 47, 57, 92, 29, 34, 84, 46, 47, 90, 41, 2, 2, 71, 31, 14, 66, 49, 85, 55, 70, 99, 73, 96, 88, 90, 55, 35, 12, 78, 92, 81, 15, 45
9, 71, 47, 96, 100, 19, 59, 54, 77, 39, 75, 58, 50, 6, 6, 89, 86, 21, 46, 22, 48, 72, 74, 61, 5, 39, 80, 49, 34, 70, 98, 60, 87, 57, 62, 60, 68, 71, 50, 66, 96, 16, 22, 35, 21, 30, 40, 49, 30, 24
93, 72, 36, 94, 98, 38, 97, 86, 91, 61, 40, 10, 20, 8, 41, 16, 72, 93, 44, 47, 21, 15, 72, 80, 26, 32, 50, 40, 41, 75, 100, 32, 20, 11, 78, 27, 24, 93, 60, 25, 63, 83, 80, 89, 27, 87, 96, 15, 94, 6
59, 47, 5, 84, 3, 78, 1, 57, 69, 67, 89, 58, 46, 17, 62, 8, 91, 10, 31, 14, 92, 79, 34, 20, 84, 39, 36, 83, 53, 40, 36, 35, 46, 35, 16, 53, 27, 37, 8, 100, 27, 68, 25, 94, 37, 6, 38, 64, 28, 19
96, 87, 84, 81, 15, 81, 14, 86, 100, 65, 43, 18, 4, 29, 31, 54, 13, 11, 1, 10, 82, 55, 3, 32, 88, 24, 54, 41, 83, 79, 2, 73, 55, 35, 44, 50, 52, 66, 21, 36, 39, 42, 37, 44, 58, 9, 65, 96, 64, 84
94, 27, 63, 19, 38, 42, 84, 53, 93, 91, 27, 74, 3, 22, 64, 71, 64, 69, 85, 81, 3, 47, 90, 66, 71, 40, 18, 60, 74, 80, 59, 58, 78, 100, 86, 75, 10, 37, 98, 3, 66, 99, 74, 30, 9, 66, 40, 16, 80, 88
46, 97, 11, 83, 81, 47, 37, 98, 48, 98, 24, 25, 80, 13, 33, 70, 97, 3, 36, 90, 61, 27, 72, 83, 15, 5, 74, 61, 57, 6, 1, 3, 80, 87, 35, 63, 47, 95, 19, 39, 38, 12, 89, 100, 80, 42, 20, 61, 98, 39
69, 37, 80, 91, 27, 19, 25, 29, 68, 77, 73, 77, 42, 43, 97, 22, 46, 93, 79, 70, 23, 2, 84, 97, 52, 49, 39, 72, 3, 74, 85, 13, 64, 18, 37, 64, 23, 90, 60, 17, 38, 18, 28, 42, 67, 62, 71, 46, 4, 58
97, 27, 83, 28, 17, 68, 53, 83, 39, 79, 81, 54, 26, 94, 92, 60, 14, 24, 7, 33, 100, 56, 33, 62, 33, 6, 75, 42, 31, 91, 78, 93, 69, 45, 78, 59, 31, 37, 2, 70, 12, 40, 51, 82, 37, 85, 92, 35, 51, 7
49, 48, 40, 71, 59, 41, 94, 21, 96, 12, 94, 12, 52, 49, 1, 88, 86, 81, 16, 34, 30, 78, 22, 37, 22, 60, 5, 52, 26, 48, 14, 40, 92, 25, 43, 31, 53, 98, 87, 38, 65, 10, 42, 91, 76, 100, 88, 3, 82, 49
100, 12, 19, 17, 77, 72, 26, 3, 49, 100, 36, 43, 95, 48, 98, 54, 20, 28, 6, 71, 35, 88, 95, 78, 69, 20, 37, 32, 61, 22, 73, 3, 71, 78, 49, 3, 22, 76, 49, 72, 5, 51, 49, 88, 3, 23, 16, 94, 93, 23
81, 61, 97, 12, 15, 13, 17, 41, 48, 57, 36, 94, 42, 28, 27, 33, 73, 18, 100, 96, 33, 44, 79, 35, 66, 85, 39, 8, 76, 47, 5, 43, 40, 39, 42, 12, 6, 59, 63, 37, 86, 81, 28, 92, 37, 11, 9, 22, 61, 70
51, 98, 95, 97, 91, 37, 82, 63, 46, 31, 74, 9, 66, 2, 53, 93, 55, 4, 86, 15, 28, 14, 55, 64, 11, 53, 17, 88, 99, 55, 76, 17, 48, 7, 97, 7, 49, 43, 48, 5, 31, 44, 14, 33, 63, 78, 15, 26, 40, 44
57, 5, 36, 46, 43, 37, 44, 31, 87, 39, 21, 95, 65, 92, 55, 57, 61, 60, 6, 46, 45, 13, 56, 82, 85, 84, 1, 22, 1, 33, 38, 91, 49, 55, 99, 72, 81, 3, 65, 60, 64, 18, 57, 10, 85, 37, 80, 23, 79, 6
17, 56, 21, 94, 100, 44, 49, 55, 62, 59, 37, 22, 31, 54, 1, 30, 46, 11, 93, 83, 77, 59, 96, 47, 83, 28, 57, 47, 98, 48, 5, 79, 43, 96, 16, 82, 71, 55, 55, 55, 23, 27, 42, 6, 23, 42, 88, 3, 9, 55
91, 69, 30, 96, 30, 59, 61, 74, 12, 73, 88, 3, 57, 14, 54, 59, 79, 35, 38, 20, 60, 91, 56, 38, 61, 50, 18, 90, 24, 41, 41, 54, 38, 43, 57, 36, 49, 48, 66, 58, 21, 97, 44, 83, 67, 20, 70, 29, 52, 64
63, 53, 65, 90, 96, 1, 14, 92, 36, 80, 42, 72, 51, 71, 33, 35, 66, 15, 57, 18, 11, 32, 70, 81, 100, 63, 48, 73, 72, 41, 81, 89, 38, 60, 78, 88, 90, 49, 48, 57, 23, 57, 12, 86, 17, 50, 47, 73, 51, 33
55, 56, 72, 34, 54, 32, 84, 84, 90, 33, 53, 42, 21, 95, 100, 53, 34, 91, 94, 45, 46, 18, 68, 100, 96, 54, 21, 84, 65, 50, 17, 75, 22, 39, 87, 26, 18, 5, 7, 47, 5, 6, 59, 15, 5, 81, 37, 17, 87, 64
16, 56, 80, 7, 88, 37, 88, 73, 38, 1, 12, 100, 20, 41, 17, 79, 20, 82, 9, 75, 36, 30, 85, 48, 40, 40, 60, 54, 95, 15, 17, 4, 98, 1, 35, 61, 96, 16, 51, 50, 38, 45, 67, 6, 36, 5, 86, 19, 98, 26
62, 55, 9, 12, 29, 87, 72, 33, 68, 48, 78, 35, 78, 24, 84, 8, 3, 20, 6, 57, 84, 5, 32, 59, 38, 92, 64, 79, 12, 35, 55, 42, 56, 69, 54, 63, 95, 86, 72, 49, 89, 63, 49, 4, 73, 3, 67, 44, 22, 28
3, 67, 13, 42, 43, 58, 24, 51, 74, 38, 23, 94, 21, 33, 94, 37, 79, 9, 70, 22, 14, 17, 48, 58, 68, 21, 57, 29, 86, 35, 25, 21, 57, 85, 32, 88, 29, 15, 27, 96, 39, 45, 12, 35, 26, 96, 43, 16, 10, 37
25, 58, 74, 100, 15, 86, 20, 55, 74, 23, 2, 96, 65, 40, 13, 3, 37, 37, 1, 7, 8, 65, 83, 74, 84, 70, 5, 13, 33, 72, 79, 41, 19, 50, 11, 67, 47, 58, 70, 47, 69, 75, 41, 4, 95, 43, 80, 73, 22, 23
60, 6, 15, 4, 29, 61, 76, 100, 17, 46, 81, 7, 23, 2, 45, 61, 77, 16, 30, 46, 56, 80, 67, 55, 38, 34, 24, 80, 80, 41, 90, 33, 92, 11, 13, 73, 27, 16, 21, 51, 92, 48, 41, 25, 66, 62, 52, 39, 60, 35
67, 65, 44, 76, 67, 81, 40, 60, 66, 96, 37, 96, 21, 77, 56, 49, 16, 13, 90, 73, 34, 62, 95, 80, 55, 9, 39, 42, 90, 76, 82, 86, 20, 45, 75, 26, 89, 16, 44, 33, 33, 67, 50, 26, 14, 96, 28, 64, 69, 17
47, 40, 50, 88, 1, 5, 70, 65, 22, 59, 42, 98, 71, 90, 14, 52, 77, 76, 3, 31, 60, 1, 69, 57, 40, 67, 12, 69, 66, 59, 82, 76, 74, 73, 30, 42, 36, 33, 44, 70, 56, 25, 94, 85, 91, 36, 97, 61, 13, 63
20, 52, 62, 39, 58, 47, 72, 93, 48, 35, 94, 2, 99, 64, 78, 67, 25, 99, 61, 73, 16, 44, 32, 34, 75, 35, 7, 84, 67, 5, 71, 52, 57, 4, 39, 30, 14, 35, 16, 84, 71, 44, 86, 10, 76, 54, 27, 30, 8, 25
11, 98, 100, 41, 47, 77, 20, 28, 64, 23, 40, 88, 27, 44, 64, 43, 46, 96, 26, 48, 53, 90, 84, 78, 2, 73, 59, 23, 58, 21, 9, 77, 77, 42, 94, 74, 52, 17, 57, 63, 10, 86, 71, 93, 44, 84, 17, 42, 47, 33
9, 31, 5, 61, 73, 21, 15, 23, 39, 75, 18, 98, 70, 44, 14, 63, 11, 86, 50, 91, 92, 30, 40, 64, 38, 67, 20, 91, 34, 19, 56, 17, 76, 26, 13, 79, 73, 17, 70, 73, 59, 30, 78, 83, 45, 12, 16, 28, 80, 82
73, 32, 93, 56, 42, 79, 92, 42, 23, 6, 2, 24, 89, 21, 19, 1, 22, 45, 31, 36, 91, 95, 16, 77, 32, 63, 53, 58, 19, 27, 51, 92, 12, 53, 46, 25, 25, 21, 84, 34, 88, 31, 95, 64, 72, 36, 41, 57, 64, 44
91, 72, 98, 44, 92, 78, 16, 16, 25, 80, 27, 34, 23, 97, 55, 11, 13, 37, 76, 95, 77, 2, 62, 98, 49, 60, 1, 53, 6, 97, 22, 96, 94, 75, 36, 80, 95, 68, 61, 68, 9, 10, 97, 5, 7, 54, 8, 99, 9, 61
23, 4, 82, 70, 68, 89, 11, 1, 96, 33, 78, 64, 10, 28, 58, 32, 41, 49, 61, 76, 17, 46, 77, 8, 87, 68, 6, 57, 91, 95, 52, 3, 44, 45, 74, 19, 14, 25, 8, 48, 70, 95, 72, 29, 91, 45, 100, 69, 47, 76
14, 60, 39, 34, 45, 78, 28, 75, 84, 1, 83, 54, 10, 1, 82, 76, 20, 66, 55, 40, 18, 16, 41, 13, 7, 22, 74, 48, 18, 42, 68, 38, 11, 16, 82, 92, 65, 11, 100, 96, 92, 40, 42, 8, 66, 17, 85, 71, 48, 15
25, 34, 14, 8, 58, 98, 20, 26, 27, 24, 5, 80, 57, 42, 33, 46, 43, 95, 19, 90, 11, 10, 66, 59, 48, 79, 75, 34, 48, 91, 38, 3, 1, 3, 17, 34, 24, 3, 58, 85, 72, 39, 84, 77, 92, 13, 83, 100, 75, 21
74, 91, 52, 58, 4, 16, 69, 56, 60, 80, 23, 87, 79, 37, 87, 2, 79, 55, 25, 99, 22, 40, 37, 35, 18, 73, 26, 89, 68, 36, 96, 76, 59, 28, 17, 47, 51, 44, 99, 2, 66, 69, 43, 79, 63, 86, 61, 48, 91, 90
34, 29, 75, 77, 99, 34, 55, 18, 40, 32, 90, 80, 88, 25, 84, 47, 28, 52, 20, 40, 52, 36, 56, 24, 33, 53, 98, 58, 72, 33, 12, 79, 99, 78, 2, 67, 2, 82, 29, 84, 93, 33, 4, 67, 12, 86, 81, 19, 96, 16
58, 10, 28, 52, 39, 98, 74, 51, 44, 47, 37, 97, 46, 8, 20, 12, 82, 11, 24, 18, 46, 47, 23, 36, 47, 19, 33, 89, 13, 48, 72, 79, 63, 57, 75, 3, 51, 47, 39, 4, 94, 51, 39, 82, 48, 96, 87, 97, 48, 100
4, 70, 96, 79, 71, 12, 87, 93, 5, 21, 66, 85, 39, 97, 76, 58, 35, 90, 33, 17, 62, 35, 73, 20, 24, 96, 9, 42, 89, 51, 32, 37, 42, 13, 44, 2, 84, 84, 86, 63, 17, 59, 43, 18, 38, 9, 12, 42, 7, 91
62, 98, 64, 31, 39, 70, 98, 76, 55, 75, 4, 46, 4, 54, 90, 30, 44, 27, 54, 74, 74, 51, 4, 71, 1, 4, 93, 55, 82, 16, 85, 67, 35, 99, 90, 35, 73, 11, 75, 75, 4, 8, 30, 12, 60, 71, 55, 89, 29, 9
65, 85, 89, 33, 17, 12, 94, 93, 30, 35, 77, 43, 95, 39, 91, 37, 11, 6, 65, 56, 57, 33, 53, 79, 70, 66, 21, 93, 11, 30, 49, 5, 27, 74, 52, 100, 79, 3, 82, 79, 41, 81, 82, 40, 98, 62, 14, 91, 21, 23
61, 50, 25, 74, 52, 32, 33, 10, 63, 51, 91, 1, 82, 100, 87, 73, 17, 22, 88, 92, 59, 9, 24, 87, 15, 77, 52, 14, 81, 9, 53, 30, 73, 89, 70, 100, 80, 53, 22, 20, 68, 69, 40, 31, 88, 40, 99, 82, 53, 26
45, 92, 4, 30, 64, 52, 26, 39, 60, 75, 81, 20, 29, 54, 99, 61, 29, 94, 30, 87, 93, 64, 1, 68, 25, 91, 69, 93, 99, 75, 79, 70, 61, 56, 64, 61, 27, 43, 25, 19, 74, 42, 94, 47, 40, 48, 40, 86, 33, 28
11, 5, 52, 66, 33, 81, 92, 36, 5, 74, 83, 33, 41, 85, 97, 11, 59, 74, 91, 38, 34, 87, 69, 12, 14, 52, 71, 54, 29, 77, 52, 84, 61, 71, 64, 74, 18, 95, 23, 83, 70, 91, 39, 52, 36, 41, 2, 9, 51, 29
90, 66, 96, 96, 94, 25, 36, 41, 53, 82, 11, 39, 7, 29, 22, 100, 73, 70, 21, 23, 93, 65, 52, 8, 69, 43, 49, 18, 76, 73, 50, 62, 3, 1, 88, 86, 88, 66, 78, 40, 39, 78, 42, 41, 73, 31, 85, 10, 30, 37
68, 32, 89, 29, 36, 25, 15, 89, 27, 51, 77, 19, 65, 81, 33, 49, 36, 7, 42, 37, 13, 8, 93, 82, 85, 16, 23, 11, 35, 38, 59, 39, 88, 40, 5, 18, 74, 75, 65, 63, 71, 99, 39, 27, 63, 20, 13, 62, 9, 24
96, 78, 68, 94, 24, 61, 40, 7, 45, 21, 2, 4, 54, 90, 92, 39, 32, 26, 76, 15, 76, 62, 43, 80, 66, 14, 70, 66, 20, 66, 4, 62, 3, 11, 42, 82, 71, 94, 16, 45, 79, 67, 31, 45, 61, 67, 46, 49, 35, 25
88, 88, 87, 95, 49, 35, 35, 89, 28, 11, 91, 74, 88, 79, 17, 41, 2, 43, 48, 11, 68, 39, 10, 31, 36, 9, 31, 99, 19, 99, 69, 22, 32, 96, 78, 16, 76, 8, 63, 8, 47, 82, 66, 6, 55, 5, 80, 52, 28, 20
66, 3, 1, 25, 57, 50, 78, 56, 59, 40, 4, 37, 71, 30, 43, 70, 43, 93, 2, 2, 66, 94, 81, 40, 64, 86, 73, 4, 77, 32, 30, 80, 72, 99, 34, 66, 21, 7, 39, 29, 39, 21, 50, 23, 5, 10, 12, 37, 64, 85
63, 87, 51, 27, 55, 72, 23, 61, 61, 71, 78, 74, 79, 27, 10, 25, 66, 72, 96, 77, 50, 36, 55, 73, 63, 46, 45, 58, 36, 54, 75, 36, 41, 93, 70, 44, 30, 45, 45, 63, 44, 60, 47, 68, 52, 65, 42, 23, 14, 80
45, 41, 42, 88, 36, 27, 33, 78, 64, 10, 28, 65, 26, 7, 97, 42, 34, 87, 58, 67, 96, 21, 27, 33, 33, 90, 90, 87, 22, 99, 4, 22, 45, 56, 10, 34, 95, 54, 57, 43, 11, 52, 82, 36, 36, 80, 35, 40, 72, 10
31, 56, 66, 47, 85, 24, 14, 9, 55, 47, 37, 47, 56, 65, 6, 6, 21, 70, 98, 63, 48, 80, 30, 15, 56, 44, 40, 92, 98, 54, 56, 51, 15, 12, 68, 48, 57, 98, 72, 86, 20, 86, 99, 11, 7, 65, 97, 18, 30, 30
20
15, 17, 9042
3, 16, 1814
7, 13, 4333
11, 22, 7421
3, 1, 142
22, 8, 6319
25, 15, 14005
6, 25, 4187
11, 16, 7970
5, 3, 718
12, 6, 2905
17, 24, 19421
3, 2, 224
5, 6, 791
2, 8, 404
25, 19, 23368
5, 5, 832
14, 6, 3616
21, 10, 8771
8, 17, 3404
