50
50
62, 57, 86, 23, 80, 10, 6, 39, 26, 21, 65, 75, 81, 96, 81, 90, 32, 38, 12, 94, 99, 28, 82, 11, 57, 90, 93, 87, 56, 73, 40, 24, 24, 51, 62, 77, 78, 77, 54, 1, 56, 92, 47, 28, 55, 23, 53, 31, 61, 46
89, 10, 57, 78, 41, 34, 75, 75, 67, 91, 18, 19, 83, 53, 82, 41, 51, 30, 35, 5, 12, 56, 85, 11, 38, 7, 82, 55, 57, 35, 38, 63, 27, 11, 85, 30, 68, 47, 11, 29, 2, 3, 11, 64, 84, 38, 9, 94, 47, 14
72, 23, 97, 56, 34, 34, 26, 46, 41, 34, 53, 21, 19, 33, 53, 55, 93, 73, 69, 52, 74, 5, 20, 6, 4, 9, 45, 21, 28, 1, 98, 88, 9, 44, 63, 15, 66, 71, 77, 51, 5, 22, 7, 77, 77, 82, 85, 79, 11, 29
46, 36, 26, 95, 41, 67, 4, 91, 53, 26, 89, 5, 19, 40, 36, 65, 12, 76, 70, 38, 90, 22, 97, 18, 48, 52, 99, 43, 30, 22, 24, 67, 11, 100, 56, 62, 62, 14, 3, 96, 12, 76, 19, 51, 63, 100, 4, 67, 41, 12
70, 10, 9, 73, 40, 24, 40, 8, 48, 89, 69, 61, 61, 31, 3, 22, 95, 19, 85, 74, 3, 99, 73, 74, 26, 14, 3, 46, 56, 48, 49, 32, 2, 19, 53, 15, 59, 38, 60, 32, 23, 55, 66, 15, 28, 52, 15, 88, 49, 41
6, 85, 82, 68, 9, 72, 37, 35, 47, 26, 21, 94, 52, 1, 41, 37, 59, 43, 79, 88, 64, 57, 60, 54, 52, 49, 33, 58, 47, 75, 99, 16, 98, 16, 42, 64, 51, 35, 10, 82, 78, 24, 92, 35, 11, 29, 3, 66, 75, 91
94, 73, 10, 62, 78, 50, 26, 29, 16, 60, 39, 80, 89, 73, 27, 6, 97, 37, 59, 77, 87, 24, 33, 97, 10, 40, 66, 25, 43, 23, 47, 67, 84, 56, 81, 27, 6, 37, 39, 93, 39, 22, 19, 51, 43, 99, 35, 20, 8, 6
33, 66, 8, 99, 5, 70, 41, 13, 52, 38, 84, 1, 87, 94, 14, 73, 96, 33, 92, 1, 100, 61, 99, 66, 38, 66, 5, 83, 55, 12, 5, 47, 18, 38, 91, 81, 60, 85, 52, 12, 87, 94, 86, 1, 9, 38, 36, 26, 38, 70
3, 3, 28, 8, 6, 72, 68, 42, 61, 40, 65, 59, 58, 40, 33, 38, 84, 49, 3, 33, 14, 11, 82, 81, 14, 7, 76, 98, 57, 1, 31, 80, 45, 85, 9, 3, 19, 10, 33, 19, 14, 18, 25, 13, 47, 29, 36, 46, 68, 72
55, 87, 23, 5, 57, 93, 21, 48, 94, 99, 97, 70, 86, 61, 10, 86, 14, 74, 32, 31, 20, 74, 17, 85, 19, 96, 87, 70, 34, 86, 71, 30, 30, 86, 46, 44, 58, 41, 28, 17, 83, 71, 17, 34, 23, 45, 32, 64, 4, 62
16, 63, 15, 38, 52, 81, 71, 39, 87, 61, 6, 52, 14, 9, 29, 67, 40, 1, 15, 66, 29, 73, 46, 15, 49, 49, 58, 83, 62, 75, 64, 23, 67, 73, 71, 9, 16, 93, 34, 66, 74, 19, 54, 67, 11, 32, 58, 8, 6, 57
5, 32, 50, 38, 34, 43, 18, 100, 90, 4, 23, 88, 77, 13, 98, 83, 85, 42, 38, 20, 51, 48, 67, 49, 93, 10, 20, 79, 4, 18, 92, 50, 78, 6, 70, 32, 74, 29, 40, 28, 92, 16, 3, 31, 44, 87, 43, 42, 70, 29
47, 16, 70, 86, 6, 58, 66, 1, 46, 24, 24, 39, 97, 73, 12, 73, 10, 71, 43, 66, 10, 56, 3, 11, 29, 35, 45, 36, 6, 7, 68, 78, 9, 76, 71, 77, 80, 92, 1, 12, 67, 74, 84, 16, 5, 53, 20, 30, 19, 72
77, 72, 100, 5, 20, 91, 13, 60, 58, 71, 13, 30, 96, 40, 57, 47, 31, 21, 3, 36, 93, 18, 70, 31, 99, 36, 72, 88, 6, 76, 15, 16, 18, 34, 30, 96, 79, 4, 57, 80, 64, 21, 35, 31, 100, 37, 79, 45, 59, 59
23, 100, 28, 83, 79, 59, 2, 69, 6, 84, 19, 26, 55, 82, 56, 98, 13, 62, 10, 62, 68, 27, 65, 23, 73, 73, 84, 40, 32, 63, 58, 28, 29, 48, 54, 16, 88, 35, 56, 71, 94, 10, 99, 74, 62, 38, 67, 53, 75, 3
25, 17, 35, 98, 91, 96, 35, 6, 11, 7, 75, 62, 38, 44, 26, 92, 98, 7, 29, 40, 10, 78, 7, 39, 68, 59, 29, 92, 62, 35, 7, 32, 66, 30, 38, 42, 93, 31, 57, 58, 82, 83, 25, 49, 96, 32, 73, 55, 48, 70
41, 60, 25, 35, 93, 47, 11, 97, 30, 33, 68, 44, 45, 76, 1, 44, 97, 9, 6, 85, 99, 67, 51, 71, 59, 28, 54, 59, 43, 37, 86, 74, 44, 92, 95, 48, 7, 31, 37, 92, 32, 97, 2, 25, 91, 38, 38, 49, 48, 53
35, 65, 49, 64, 71, 74, 9, 55, 77, 66, 93, 53, 54, 93, 47, 94, 100, 54, 81, 54, 38, 67, 72, 15, 54, 3, 66, 27, 80, 21, 90, 6, 11, 91, 2, 22, 25, 81, 21, 22, 39, 53, 55, 71, 100, 79, 44, 9, 78, 97
38, 85, 69, 95, 16, 69, 93, 35, 11, 69, 9, 83, 75, 56, 76, 88, 43, 63, 92, 26, 70, 20, 33, 60, 15, 85, 12, 2, 15, 75, 59, 58, 49, 84, 83, 5, 38, 16, 76, 34, 29, 90, 70, 53, 14, 56, 79, 99, 96, 13
37, 81, 18, 52, 28, 18, 53, 9, 80, 31, 57, 92, 21, 37, 10, 52, 34, 92, 73, 71, 50, 27, 87, 58, 98, 80, 51, 81, 47, 60, 7, 14, 6, 3, 38, 78, 40, 98, 56, 65, 53, 29, 36, 45, 77, 37, 70, 34, 43, 63
22, 87, 26, 25, 63, 11, 95, 60, 55, 49, 68, 72, 63, 21, 25, 44, 86, 18, 99, 32, 12, 37, 36, 8, 19, 22, 91, 42, 82, 61, 10, 17, 38, 85, 38, 20, 88, 82, 41, 28, 84, 81, 43, 8, 98, 81, 66, 16, 21, 34
52, 52, 35, 12, 51, 86, 52, 19, 7, 41, 20, 53, 78, 95, 39, 52, 35, 79, 84, 5, 56, 4, 78, 72, 48, 31, 95, 28, 11, 38, 57, 76, 22, 49, 10, 58, 82, 27, 34, 52, 69, 70, 76, 100, 9, 32, 3, 49, 70, 46
47, 87, 33, 17, 78, 48, 75, 64, 64, 21, 91, 24, 8, 70, 85, 44, 32, 30, 85, 81, 70, 8, 46, 32, 37, 87, 29, 78, 64, 17, 28, 46, 59, 65, 91, 70, 44, 5, 71, 63, 84, 18, 64, 14, 61, 45, 62, 7, 16, 65
1, 74, 64, 89, 77, 40, 42, 1, 81, 92, 19, 97, 1, 48, 93, 46, 66, 44, 79, 15, 1, 27, 59, 23, 98, 52, 44, 33, 71, 92, 25, 22, 63, 99, 16, 55, 83, 70, 89, 51, 29, 43, 25, 80, 44, 87, 18, 17, 21, 16
80, 19, 28, 1, 64, 74, 15, 42, 92, 25, 96, 10, 31, 89, 67, 97, 34, 2, 32, 38, 64, 96, 56, 28, 87, 58, 2, 80, 80, 11, 35, 28, 12, 55, 13, 7, 95, 63, 36, 43, 41, 42, 79, 64, 56, 20, 13, 37, 14, 47
54, 16, 86, 84, 53, 84, 64, 100, 15, 6, 73, 35, 62, 81, 90, 69, 98, 76, 77, 60, 3, 72, 67, 89, 98, 22, 18, 92, 73, 67, 46, 66, 67, 33, 58, 20, 42, 29, 2, 29, 44, 95, 48, 30, 70, 6, 80, 98, 75, 88
22, 37, 60, 54, 45, 82, 49, 97, 86, 31, 67, 73, 28, 48, 61, 7, 69, 30, 24, 71, 27, 70, 75, 49, 17, 8, 24, 37, 19, 92, 43, 21, 18, 86, 46, 10, 7, 14, 89, 76, 71, 46, 43, 71, 63, 72, 68, 1, 70, 64
38, 51, 74, 4, 61, 53, 63, 12, 37, 37, 58, 13, 78, 95, 89, 46, 55, 42, 3, 51, 1, 55, 41, 48, 100, 81, 27, 4, 86, 46, 41, 24, 68, 56, 55, 93, 47, 14, 25, 93, 47, 95, 78, 53, 19, 59, 68, 49, 83, 17
17, 26, 99, 19, 63, 83, 10, 27, 5, 81, 26, 59, 26, 91, 96, 34, 45, 22, 40, 96, 100, 42, 18, 10, 4, 6, 78, 89, 30, 42, 14, 79, 21, 70, 30, 16, 26, 49, 93, 72, 84, 20, 9, 45, 68, 88, 70, 87, 57, 85
14, 46, 9, 87, 17, 75, 9, 89, 15, 58, 5, 21, 98, 64, 68, 47, 39, 56, 61, 81, 9, 97, 30, 68, 13, 80, 34, 74, 43, 16, 36, 91, 33, 45, 28, 68, 71, 35, 54, 56, 7, 37, 34, 36, 68, 63, 23, 46, 78, 21
50, 15, 27, 76, 77, 18, 17, 41, 74, 37, 42, 35, 47, 99, 22, 14, 89, 53, 36, 100, 77, 4, 3, 6, 74, 73, 63, 94, 1, 50, 58, 88, 97, 22, 67, 22, 65, 57, 69, 10, 51, 30, 61, 17, 15, 73, 90, 35, 14, 54
75, 71, 10, 78, 44, 47, 12, 22, 3, 5, 55, 23, 40, 25, 80, 54, 39, 26, 33, 1, 50, 32, 85, 26, 50, 47, 44, 87, 91, 2, 83, 28, 81, 48, 76, 87, 78, 19, 78, 20, 11, 44, 55, 65, 55, 28, 91, 37, 37, 61
34, 65, 3, 14, 5, 43, 86, 84, 28, 97, 3, 26, 31, 1, 22, 28, 43, 93, 49, 93, 77, 20, 48, 13, 91, 6, 78, 20, 71, 22, 57, 8, 50, 31, 69, 19, 26, 67, 44, 34, 1, 94, 92, 81, 18, 85, 13, 54, 43, 28
85, 98, 88, 44, 85, 14, 18, 90, 24, 99, 65, 66, 14, 6, 41, 96, 76, 1, 33, 4, 3, 77, 50, 16, 92, 83, 29, 67, 96, 6, 93, 25, 78, 44, 38, 59, 20, 7, 46, 56, 2, 36, 43, 45, 69, 36, 81, 86, 41, 22
10, 13, 22, 40, 26, 9, 49, 73, 52, 2, 85, 51, 94, 19, 6, 41, 89, 70, 69, 82, 77, 70, 55, 78, 3, 67, 34, 5, 47, 57, 3, 44, 26, 74, 97, 81, 4, 38, 18, 29, 11, 47, 55, 45, 71, 51, 42, 25, 39, 29
47, 11, 17, 59, 46, 40, 58, 44, 38, 60, 75, 45, 27, 95, 100, 42, 25, 21, 23, 26, 37, 51, 53, 41, 72, 30, 16, 11, 8, 52, 25, 9, 66, 18, 11, 92, 27, 67, 29, 57, 23, 60, 1, 59, 54, 67, 21, 60, 45, 29
26, 22, 3, 14, 93, 96, 59, 77, 88, 16, 25, 48, 37, 86, 35, 67, 79, 9, 85, 9, 16, 58, 92, 66, 4, 77, 51, 94, 87, 6, 9, 56, 66, 79, 26, 3, 7, 53, 26, 16, 33, 51, 80, 13, 32, 75, 23, 16, 24, 88
88, 12, 76, 37, 14, 68, 31, 37, 10, 16, 46, 66, 90, 83, 8, 69, 82, 59, 60, 33, 60, 26, 84, 69, 76, 65, 79, 79, 34, 29, 55, 35, 71, 99, 18, 97, 81, 30, 65, 59, 73, 70, 43, 11, 71, 68, 61, 98, 6, 64
93, 65, 57, 91, 28, 62, 29, 7, 62, 49, 90, 52, 4, 81, 62, 11, 95, 92, 65, 11, 88, 53, 94, 2, 61, 91, 84, 74, 99, 8, 5, 82, 74, 71, 36, 90, 79, 80, 71, 56, 69, 75, 69, 17, 70, 21, 67, 62, 50, 60
73, 69, 33, 96, 76, 41, 72, 55, 31, 38, 79, 56, 8, 54, 44, 8, 79, 33, 46, 72, 33, 16, 21, 9, 42, 13, 85, 77, 33, 40, 25, 22, 24, 40, 36, 36, 50, 78, 96, 96, 18, 24, 49, 34, 78, 13, 68, 16, 73, 62
43, 34, 17, 78, 28, 57, 49, 24, 54, 63, 57, 95, 23, 92, 13, 57, 32, 68, 18, 8, 59, 1, 38, 51, 55, 9, 68, 87, 32, 30, 46, 70, 5, 71, 97, 92, 6, 47, 13, 79, 88, 26, 25, 33, 39, 23, 1, 57, 22, 21
81, 1, 98, 66, 4, 43, 97, 67, 23, 19, 90, 63, 93, 25, 18, 88, 91, 53, 95, 22, 52, 85, 56, 40, 21, 33, 77, 5, 12, 32, 8, 11, 66, 11, 49, 46, 72, 39, 68, 55, 96, 39, 24, 94, 89, 26, 34, 100, 16, 52
33, 49, 63, 1, 70, 97, 45, 59, 45, 71, 67, 92, 56, 92, 12, 80, 97, 83, 77, 72, 16, 52, 86, 41, 27, 13, 61, 63, 51, 95, 100, 77, 90, 61, 99, 60, 49, 65, 42, 52, 1, 14, 95, 97, 89, 4, 84, 33, 82, 10
29, 51, 24, 44, 36, 81, 64, 22, 74, 57, 36, 83, 8, 51, 72, 90, 3, 95, 93, 53, 32, 33, 41, 25, 72, 3, 58, 89, 53, 23, 29, 29, 81, 41, 67, 49, 54, 46, 25, 19, 96, 27, 91, 85, 17, 19, 7, 45, 26, 99
2, 89, 40, 30, 79, 97, 10, 99, 73, 34, 24, 75, 70, 52, 28, 7, 2, 67, 84, 23, 37, 57, 71, 75, 57, 5, 42, 57, 8, 53, 96, 14, 64, 54, 22, 40, 90, 51, 63, 70, 39, 55, 73, 92, 96, 21, 58, 40, 57, 11
17, 40, 61, 3, 63, 45, 19, 65, 73, 75, 56, 54, 92, 21, 38, 10, 12, 16, 30, 89, 18, 52, 5, 14, 84, 82, 85, 79, 80, 37, 48, 2, 100, 98, 36, 57, 54, 62, 92, 78, 21, 25, 78, 88, 15, 86, 64, 53, 55, 86
10, 42, 10, 69, 93, 66, 35, 47, 19, 81, 61, 41, 86, 37, 27, 54, 54, 94, 85, 81, 57, 50, 24, 53, 68, 94, 74, 17, 100, 99, 19, 32, 25, 94, 27, 6, 92, 32, 5, 71, 22, 7, 43, 12, 17, 81, 39, 41, 62, 61
32, 70, 69, 74, 30, 60, 18, 58, 2, 100, 92, 19, 47, 21, 62, 30, 17, 92, 11, 21, 63, 23, 89, 14, 59, 50, 8, 13, 36, 87, 55, 33, 56, 40, 67, 50, 63, 51, 65, 67, 89, 35, 30, 6, 79, 4, 61, 23, 50, 88
65, 47, 31, 41, 99, 10, 81, 55, 15, 80, 53, 5, 22, 15, 45, 59, 63, 8, 54, 13, 67, 66, 28, 45, 33, 28, 93, 84, 36, 56, 90, 86, 63, 48, 23, 8, 3, 15, 42, 57, 69, 8, 37, 85, 15, 84, 14, 16, 61, 20
42, 53, 69, 38, 22, 100, 20, 86, 9, 71, 18, 97, 20, 60, 91, 67, 43, 74, 93, 38, 57, 48, 67, 98, 44, 59, 29, 43, 30, 49, 15, 77, 24, 16, 14, 37, 18, 26, 27, 24, 88, 17, 7, 71, 39, 72, 88, 78, 95, 48
20
11, 10, 3376
6, 16, 4644
22, 18, 19204
16, 18, 12787
15, 15, 8754
11, 19, 5458
12, 14, 6283
5, 12, 2539
13, 10, 4580
24, 15, 15450
18, 13, 8661
21, 2, 1839
14, 1, 530
6, 13, 2852
8, 16, 4884
3, 16, 1765
4, 25, 4960
21, 8, 5889
25, 7, 8424
14, 19, 8291
