50
50
60, 67, 11, 75, 75, 56, 20, 63, 72, 44, 88, 19, 79, 4, 46, 77, 56, 46, 57, 37, 65, 71, 64, 92, 3, 12, 88, 80, 31, 32, 97, 77, 49, 100, 52, 43, 45, 11, 69, 84, 61, 51, 12, 87, 91, 66, 30, 22, 36, 27
2, 74, 11, 2, 47, 89, 3, 19, 72, 64, 68, 40, 32, 40, 48, 12, 70, 80, 53, 3, 32, 46, 78, 74, 77, 15, 59, 78, 2, 38, 82, 67, 45, 4, 31, 23, 66, 48, 54, 63, 40, 26, 39, 5, 17, 21, 19, 73, 40, 79
96, 51, 70, 33, 96, 56, 97, 38, 26, 32, 31, 26, 18, 35, 82, 2, 96, 28, 9, 25, 46, 23, 27, 91, 64, 6, 8, 73, 58, 56, 96, 87, 39, 23, 43, 32, 98, 12, 9, 76, 27, 29, 22, 22, 33, 15, 9, 4, 23, 15
25, 91, 64, 15, 34, 73, 25, 79, 70, 90, 48, 24, 81, 70, 37, 44, 87, 95, 93, 51, 5, 85, 20, 34, 99, 18, 1, 5, 58, 49, 97, 4, 50, 43, 32, 5, 24, 24, 90, 70, 7, 19, 42, 20, 28, 3, 49, 53, 85, 89
28, 15, 12, 72, 11, 41, 72, 30, 17, 17, 73, 20, 22, 22, 93, 44, 75, 38, 39, 33, 21, 64, 6, 23, 44, 87, 43, 100, 7, 96, 70, 49, 21, 70, 22, 83, 93, 78, 33, 91, 33, 95, 8, 74, 98, 88, 98, 21, 27, 84
29, 11, 15, 53, 69, 64, 10, 89, 29, 24, 98, 73, 24, 21, 48, 25, 99, 52, 100, 11, 52, 97, 6, 48, 100, 27, 57, 33, 26, 57, 90, 23, 74, 23, 68, 60, 34, 68, 1, 58, 73, 4, 50, 9, 93, 61, 71, 87, 26, 74
89, 46, 21, 17, 33, 32, 5, 67, 53, 43, 8, 78, 63, 72, 35, 76, 99, 2, 53, 89, 91, 32, 52, 43, 38, 48, 47, 98, 55, 40, 56, 70, 7, 53, 68, 44, 2, 57, 90, 36, 55, 67, 16, 59, 50, 96, 42, 78, 74, 18
62, 70, 34, 38, 83, 58, 94, 79, 79, 86, 86, 7, 12, 14, 88, 39, 72, 11, 5, 91, 74, 43, 12, 18, 34, 24, 16, 94, 93, 42, 7, 69, 24, 38, 78, 86, 36, 69, 70, 11, 51, 23, 78, 4, 51, 48, 56, 2, 71, 12
25, 31, 74, 83, 44, 20, 59, 17, 5, 60, 42, 1, 87, 38, 80, 17, 84, 75, 36, 3, 3, 4, 42, 95, 41, 52, 65, 8, 67, 86, 69, 15, 23, 82, 18, 76, 96, 41, 94, 59, 28, 19, 64, 10, 69, 50, 37, 41, 25, 35
65, 81, 66, 69, 9, 22, 90, 80, 43, 93, 56, 51, 51, 19, 92, 27, 79, 6, 20, 4, 22, 43, 81, 78, 75, 85, 40, 32, 26, 92, 16, 24, 84, 33, 22, 88, 50, 54, 73, 97, 87, 17, 99, 2, 4, 78, 69, 45, 19, 42
71, 31, 22, 21, 14, 23, 1, 89, 94, 24, 82, 59, 54, 51, 78, 32, 67, 18, 98, 4, 78, 25, 33, 24, 18, 5, 44, 80, 74, 98, 16, 95, 13, 85, 21, 85, 2, 64, 20, 100, 88, 61, 60, 50, 15, 28, 63, 48, 25, 72
11, 51, 48, 16, 64, 46, 99, 99, 3, 9, 79, 21, 15, 97, 9, 88, 46, 69, 30, 94, 31, 4, 99, 99, 16, 17, 66, 84, 9, 91, 43, 96, 55, 3, 87, 66, 48, 98, 21, 76, 86, 4, 61, 12, 21, 67, 47, 64, 41, 28
82, 94, 19, 32, 42, 8, 52, 49, 100, 47, 81, 16, 90, 13, 66, 83, 67, 13, 10, 43, 40, 49, 48, 55, 8, 27, 43, 88, 78, 50, 71, 3, 43, 82, 9, 49, 78, 24, 61, 80, 14, 99, 98, 75, 95, 71, 14, 49, 46, 38
1, 34, 54, 99, 88, 34, 46, 64, 24, 15, 66, 65, 72, 51, 77, 79, 73, 9, 5, 18, 6, 43, 53, 31, 30, 42, 51, 74, 60, 38, 14, 94, 43, 40, 49, 37, 49, 45, 94, 76, 3, 14, 100, 46, 14, 49, 28, 48, 99, 17
98, 6, 45, 28, 33, 59, 82, 24, 69, 46, 83, 73, 5, 87, 2, 72, 23, 32, 2, 40, 30, 29, 15, 29, 15, 92, 43, 7, 17, 81, 15, 4, 76, 43, 40, 8, 50, 15, 8, 91, 56, 25, 76, 48, 93, 31, 10, 13, 44, 43
27, 96, 46, 59, 87, 69, 91, 16, 13, 42, 16, 76, 8, 88, 32, 79, 97, 62, 48, 94, 23, 8, 25, 12, 85, 6, 53, 67, 37, 85, 82, 31, 63, 75, 55, 19, 58, 17, 56, 71, 18, 34, 3, 66, 75, 80, 17, 88, 17, 14
35, 49, 66, 51, 20, 20, 72, 34, 75, 82, 16, 25, 80, 29, 60, 86, 13, 34, 34, 13, 21, 80, 6, 77, 77, 90, 6, 59, 38, 5, 89, 66, 51, 23, 51, 34, 65, 13, 55, 35, 48, 25, 43, 75, 55, 94, 54, 74, 7, 90
68, 84, 54, 4, 93, 55, 44, 90, 74, 31, 14, 13, 97, 71, 94, 51, 74, 58, 78, 27, 21, 1, 79, 99, 65, 97, 38, 32, 22, 84, 36, 32, 52, 48, 37, 6, 12, 47, 30, 96, 91, 76, 40, 25, 22, 35, 28, 72, 82, 5
20, 97, 96, 81, 69, 67, 5, 56, 40, 97, 18, 12, 68, 90, 96, 82, 61, 50, 34, 88, 40, 28, 29, 83, 36, 46, 62, 55, 78, 30, 70, 67, 51, 18, 65, 39, 36, 72, 79, 71, 1, 57, 8, 34, 79, 79, 9, 51, 30, 40
75, 79, 38, 94, 65, 92, 69, 14, 45, 24, 6, 50, 78, 10, 27, 51, 62, 51, 25, 57, 47, 90, 71, 64, 88, 84, 21, 95, 4, 58, 38, 11, 26, 38, 56, 91, 29, 57, 54, 74, 71, 22, 27, 56, 65, 51, 79, 98, 7, 28
17, 59, 26, 73, 94, 85, 9, 75, 6, 81, 71, 74, 11, 88, 87, 95, 25, 40, 54, 37, 23, 5, 98, 52, 87, 25, 64, 15, 100, 37, 5, 23, 89, 76, 41, 80, 86, 53, 45, 72, 83, 55, 51, 73, 3, 97, 12, 39, 70, 70
27, 39, 45, 71, 6, 13, 62, 75, 87, 70, 21, 94, 75, 70, 76, 48, 86, 36, 48, 7, 10, 72, 96, 83, 54, 69, 54, 25, 49, 91, 14, 25, 46, 30, 10, 67, 79, 19, 71, 29, 19, 11, 67, 75, 51, 90, 80, 82, 97, 55
12, 76, 92, 63, 60, 55, 43, 62, 17, 37, 59, 37, 26, 96, 57, 96, 48, 45, 61, 10, 69, 67, 66, 20, 89, 99, 5, 21, 32, 64, 90, 73, 29, 95, 79, 38, 34, 83, 71, 55, 24, 18, 2, 34, 71, 83, 86, 71, 19, 55
42, 35, 22, 87, 86, 45, 11, 73, 74, 61, 51, 22, 31, 53, 48, 86, 8, 32, 17, 19, 63, 66, 75, 6, 87, 52, 66, 32, 49, 7, 14, 35, 3, 77, 23, 55, 52, 43, 10, 35, 27, 62, 10, 10, 5, 2, 87, 49, 86, 85
75, 55, 54, 100, 93, 77, 60, 16, 1, 34, 80, 80, 24, 68, 48, 16, 20, 54, 31, 93, 35, 66, 22, 83, 93, 1, 56, 66, 1, 85, 66, 18, 46, 65, 32, 60, 81, 3, 84, 47, 96, 36, 42, 76, 56, 47, 39, 42, 63, 89
82, 33, 18, 94, 51, 10, 33, 72, 8, 93, 21, 95, 16, 16, 69, 62, 34, 60, 36, 89, 36, 18, 70, 85, 98, 99, 24, 47, 28, 46, 63, 14, 3, 12, 3, 33, 100, 53, 14, 23, 27, 10, 96, 92, 26, 1, 21, 26, 7, 94
14, 80, 7, 75, 54, 65, 64, 34, 96, 52, 87, 86, 44, 62, 31, 7, 92, 4, 14, 37, 63, 81, 46, 14, 62, 27, 23, 79, 59, 98, 79, 98, 40, 34, 33, 83, 8, 29, 59, 39, 70, 66, 58, 63, 37, 41, 66, 34, 62, 20
9, 17, 13, 71, 31, 33, 35, 94, 13, 27, 43, 85, 76, 99, 73, 89, 47, 11, 30, 48, 100, 63, 46, 75, 68, 98, 24, 83, 78, 21, 62, 89, 18, 39, 89, 63, 85, 69, 4, 100, 49, 15, 16, 32, 97, 85, 90, 59, 90, 48
95, 56, 5, 14, 21, 46, 71, 39, 4, 33, 9, 52, 17, 93, 66, 54, 68, 37, 10, 11, 4, 78, 7, 30, 100, 85, 48, 15, 79, 83, 9, 66, 94, 30, 26, 6, 85, 4, 19, 43, 92, 47, 66, 71, 91, 97, 99, 24, 66, 43
17, 53, 49, 80, 44, 18, 49, 75, 15, 36, 99, 57, 60, 21, 25, 44, 59, 87, 68, 60, 70, 65, 19, 67, 19, 58, 13, 36, 39, 3, 87, 24, 49, 36, 67, 56, 17, 15, 86, 9, 58, 10, 90, 84, 45, 36, 87, 45, 47, 48
39, 12, 57, 6, 74, 53, 35, 82, 61, 87, 5, 13, 36, 12, 49, 75, 8, 25, 55, 69, 28, 45, 1, 59, 3, 60, 75, 35, 23, 84, 71, 68, 90, 92, 65, 76, 68, 44, 63, 15, 22, 35, 54, 99, 4, 45, 74, 78, 35, 70
28, 63, 91, 78, 21, 95, 11, 98, 3, 14, 78, 100, 60, 78, 16, 38, 24, 45, 48, 74, 8, 65, 62, 40, 48, 93, 91, 2, 55, 59, 86, 97, 100, 53, 57, 9, 77, 13, 72, 70, 65, 70, 41, 50, 37, 22, 75, 77, 83, 67
22, 30, 31, 62, 62, 63, 1, 51, 30, 28, 4, 9, 44, 45, 28, 81, 100, 7, 21, 8, 61, 12, 74, 78, 9, 39, 25, 13, 4, 27, 18, 15, 20, 89, 38, 57, 67, 38, 91, 94, 8, 26, 83, 44, 66, 57, 27, 97, 22, 56
22, 69, 56, 76, 6, 10, 57, 53, 54, 24, 39, 89, 48, 4, 11, 90, 90, 55, 8, 72, 15, 62, 16, 28, 100, 35, 29, 31, 12, 53, 12, 29, 92, 48, 5, 50, 59, 44, 83, 28, 100, 15, 85, 68, 55, 20, 79, 80, 33, 77
67, 72, 89, 50, 42, 61, 53, 29, 76, 71, 82, 27, 41, 2, 13, 11, 97, 1, 100, 62, 31, 46, 73, 80, 72, 100, 78, 49, 73, 80, 57, 50, 98, 36, 86, 41, 40, 42, 6, 45, 97, 31, 68, 13, 46, 74, 74, 83, 55, 45
24, 79, 81, 72, 46, 21, 100, 10, 78, 42, 83, 5, 56, 96, 14, 33, 29, 5, 16, 73, 72, 55, 95, 55, 65, 1, 78, 60, 34, 99, 27, 95, 94, 29, 57, 79, 70, 26, 90, 66, 41, 30, 65, 64, 62, 93, 76, 73, 99, 14
45, 69, 68, 83, 73, 69, 84, 26, 8, 46, 43, 40, 76, 80, 16, 88, 11, 27, 40, 36, 64, 4, 15, 51, 32, 42, 91, 31, 94, 73, 26, 6, 62, 21, 54, 58, 28, 12, 56, 89, 95, 45, 19, 45, 23, 2, 55, 85, 49, 75
82, 49, 34, 63, 51, 42, 54, 17, 52, 32, 79, 54, 32, 35, 21, 37, 78, 56, 26, 59, 61, 100, 71, 51, 42, 20, 86, 71, 28, 31, 87, 6, 83, 20, 92, 77, 73, 100, 71, 13, 4, 11, 60, 25, 11, 42, 13, 84, 25, 86
24, 100, 60, 90, 14, 83, 78, 83, 22, 31, 56, 84, 89, 21, 45, 73, 71, 13, 44, 44, 65, 79, 85, 14, 56, 50, 40, 47, 41, 100, 7, 2, 46, 43, 7, 88, 47, 94, 6, 9, 99, 91, 79, 40, 57, 20, 22, 40, 81, 38
71, 100, 41, 82, 22, 46, 15, 46, 35, 65, 43, 32, 42, 22, 24, 54, 39, 47, 15, 58, 27, 78, 8, 35, 45, 75, 1, 46, 57, 36, 28, 1, 66, 4, 30, 8, 62, 64, 21, 62, 73, 1, 59, 41, 67, 68, 49, 57, 16, 4
82, 76, 25, 24, 11, 94, 93, 6, 38, 48, 46, 70, 90, 100, 37, 43, 66, 39, 93, 17, 93, 75, 27, 53, 85, 27, 20, 67, 69, 77, 26, 44, 31, 54, 55, 53, 76, 43, 93, 36, 16, 56, 27, 73, 16, 4, 11, 60, 5, 24
2, 10, 64, 99, 11, 7, 49, 73, 39, 85, 74, 26, 38, 61, 22, 2, 40, 37, 45, 85, 67, 24, 47, 57, 2, 37, 48, 54, 37, 82, 16, 60, 63, 45, 76, 17, 80, 32, 43, 48, 4, 4, 5, 8, 62, 90, 18, 67, 52, 15
64, 75, 15, 20, 58, 79, 64, 8, 98, 75, 60, 96, 36, 57, 70, 15, 64, 94, 85, 6, 22, 8, 95, 98, 81, 64, 19, 39, 95, 13, 19, 81, 3, 23, 18, 41, 46, 43, 88, 97, 53, 73, 34, 68, 88, 9, 69, 48, 38, 48
26, 25, 82, 46, 93, 56, 81, 17, 39, 94, 60, 25, 13, 86, 56, 79, 94, 13, 39, 30, 69, 21, 7, 88, 53, 50, 74, 27, 10, 73, 96, 71, 2, 47, 87, 95, 99, 57, 31, 62, 60, 29, 5, 94, 37, 29, 60, 49, 13, 10
16, 56, 9, 9, 80, 5, 19, 95, 94, 44, 82, 55, 7, 67, 99, 90, 24, 67, 99, 62, 80, 38, 83, 78, 70, 40, 17, 13, 51, 25, 90, 26, 14, 1, 58, 40, 62, 94, 68, 82, 77, 5, 64, 87, 80, 6, 22, 39, 96, 48
5, 94, 51, 51, 30, 79, 74, 32, 39, 40, 89, 6, 44, 69, 54, 57, 41, 7, 9, 60, 28, 30, 99, 17, 86, 76, 75, 96, 98, 65, 18, 78, 18, 4, 20, 97, 76, 64, 71, 79, 66, 31, 55, 28, 93, 71, 62, 95, 34, 24
65, 16, 30, 36, 21, 76, 95, 34, 66, 55, 5, 78, 35, 74, 22, 12, 89, 40, 49, 57, 82, 78, 36, 30, 94, 98, 75, 72, 25, 15, 14, 80, 62, 74, 100, 3, 49, 82, 83, 45, 3, 42, 98, 17, 75, 89, 96, 81, 6, 82
82, 22, 47, 78, 42, 88, 80, 100, 43, 24, 1, 24, 9, 51, 41, 25, 17, 61, 75, 20, 64, 7, 58, 4, 55, 40, 81, 20, 56, 6, 2, 94, 66, 43, 34, 93, 33, 85, 33, 13, 23, 49, 39, 60, 45, 79, 33, 47, 76, 50
73, 35, 7, 86, 19, 75, 65, 43, 24, 2, 7, 60, 45, 38, 22, 7, 58, 67, 18, 49, 93, 32, 29, 62, 97, 15, 68, 99, 60, 76, 8, 34, 45, 6, 33, 68, 88, 80, 25, 59, 29, 91, 62, 31, 6, 64, 4, 2, 38, 39
22, 67, 30, 27, 58, 41, 7, 46, 90, 4, 7, 66, 84, 48, 95, 74, 15, 40, 5, 55, 20, 79, 42, 60, 21, 2, 71, 98, 56, 34, 12, 67, 61, 22, 55, 41, 5, 19, 48, 93, 62, 42, 91, 21, 52, 63, 7, 14, 37, 33
20
13, 17, 10883
21, 5, 3748
7, 18, 3325
14, 18, 6818
23, 14, 15468
11, 2, 892
24, 14, 14212
25, 23, 16086
24, 20, 22551
6, 2, 476
24, 15, 14560
6, 22, 4856
18, 20, 9180
3, 4, 402
4, 23, 2833
14, 13, 6124
8, 3, 941
12, 5, 2728
16, 14, 9650
22, 23, 17935
